Tokens.txt opening....
Reading in File Data.......
----------------------------------------------------------------------------------------------------------------------------------------------------------------------------------------------------------------------------------------------------------------------------------------------------------------------------------------------------------------------------------------------------------------------------------------------------------------------------------------------------------------------------------------------------------------------
          1         2         3         4         5         6         7         8         9         10        11        12        13        14        15        16        17        18        19        20        21        22        23        24        25        26        27        28        29        30        31        32        33        34        35        36        37        38        39        40        41        42        43        44        45        46        47        48        49        50        51        52        53        54        
1         -----     46.81     54.35     60.47     52.00     65.12     57.78     55.32     54.35     50.91     38.71     44.00     56.25     52.73     56.52     54.17     51.06     50.98     34.48     39.34     49.06     60.00     53.33     64.29     57.78     67.44     32.61     62.22     62.79     51.85     53.49     56.82     51.92     44.44     42.86     51.11     68.18     44.64     44.44     57.78     41.38     55.77     50.98     0.00      59.09     73.81     57.78     55.56     60.00     48.94     9.23      38.71     54.35     54.35     
2         46.81     -----     79.49     58.14     63.04     45.83     55.56     60.00     79.49     49.09     41.67     51.06     45.10     48.21     51.06     52.08     48.94     61.70     30.51     37.70     47.17     54.35     47.83     65.85     48.94     54.35     33.33     44.00     50.00     47.27     54.76     78.95     52.94     45.45     43.64     55.81     52.08     42.86     45.28     62.79     42.11     53.85     46.15     1.69      43.75     46.94     48.94     46.81     47.92     53.33     7.69      44.07     79.49     79.49     
3         54.35     79.49     -----     70.73     71.11     53.19     63.64     72.09     100.00    55.56     47.46     52.08     52.00     49.12     58.70     59.57     56.52     69.57     29.51     40.98     50.94     62.22     55.56     75.00     56.52     55.32     31.91     51.02     57.78     53.70     67.50     89.19     63.27     50.00     47.27     64.29     53.06     46.43     49.06     63.64     40.68     60.78     50.00     1.64      51.06     54.17     56.52     54.35     55.32     51.06     9.09      35.94     100.00    100.00    
4         60.47     58.14     70.73     -----     59.57     59.09     59.09     63.64     70.73     43.86     39.34     47.92     57.45     50.91     65.12     62.22     55.56     58.33     30.51     40.00     47.17     69.05     58.14     70.00     52.17     54.35     30.43     56.52     64.29     44.64     51.16     70.00     50.00     42.22     43.64     52.27     52.08     42.86     42.59     55.56     37.29     56.86     49.02     3.45      60.47     56.52     62.79     60.47     61.36     50.00     9.38      32.81     70.73     70.73     
5         52.00     63.04     71.11     59.57     -----     45.28     54.00     58.00     71.11     58.93     48.39     47.17     44.64     50.00     52.94     48.15     45.28     97.62     37.70     51.67     54.55     56.00     50.00     63.04     60.42     47.17     42.55     43.64     49.02     60.00     60.00     74.42     77.08     44.90     50.88     57.45     48.15     50.00     52.73     50.98     51.72     81.25     56.60     1.52      46.15     51.92     48.08     46.15     47.17     46.15     8.45      35.29     71.11     71.11     
6         65.12     45.83     53.19     59.09     45.28     -----     63.64     60.87     53.19     50.00     35.94     46.00     72.73     57.41     65.91     70.45     75.61     44.44     33.90     36.51     48.15     69.77     62.79     70.73     60.00     65.91     26.53     85.00     86.84     50.91     45.65     59.09     48.15     46.67     44.64     68.29     63.04     43.86     46.30     60.00     38.33     51.85     50.00     0.00      73.17     64.44     84.62     77.50     82.50     51.06     9.09      47.46     53.19     53.19     
7         57.78     55.56     63.64     59.09     54.00     63.64     -----     80.49     63.64     47.37     40.32     65.91     68.89     49.12     69.77     66.67     71.43     52.94     38.60     43.33     56.86     65.91     75.00     84.21     60.00     55.32     29.17     60.87     61.36     48.21     55.81     70.73     66.67     50.00     44.64     60.47     53.06     51.85     46.30     67.44     38.33     57.69     59.18     0.00      54.35     60.87     71.43     61.36     78.05     54.35     9.09      38.10     63.64     63.64     
8         55.32     60.00     72.09     63.64     58.00     60.87     80.49     -----     72.09     45.76     39.06     63.04     65.96     47.46     78.57     71.11     68.18     56.86     35.00     44.26     54.72     74.42     71.43     84.62     54.17     56.25     28.00     58.33     58.70     46.55     60.47     75.61     67.35     47.83     45.61     61.36     54.00     50.00     47.27     64.44     37.10     58.49     56.86     1.59      48.98     58.33     72.09     62.22     70.45     52.08     8.82      36.92     72.09     72.09     
9         54.35     79.49     100.00    70.73     71.11     53.19     63.64     72.09     -----     55.56     47.46     52.08     52.00     49.12     58.70     59.57     56.52     69.57     29.51     40.98     50.94     62.22     55.56     75.00     56.52     55.32     31.91     51.02     57.78     53.70     67.50     89.19     63.27     50.00     47.27     64.29     53.06     46.43     49.06     63.64     40.68     60.78     50.00     1.64      51.06     54.17     56.52     54.35     55.32     51.06     9.09      35.94     100.00    100.00    
10        50.91     49.09     55.56     43.86     58.93     50.00     47.37     45.76     55.56     -----     43.48     37.10     44.26     59.02     49.12     47.46     44.83     57.89     37.88     42.03     48.39     51.79     41.38     49.09     58.49     49.12     34.55     48.28     50.91     97.92     54.90     57.69     48.39     44.44     57.63     58.82     47.46     49.21     56.90     50.00     53.23     49.21     47.54     1.37      48.21     53.57     44.83     45.61     49.12     38.33     7.69      39.44     55.56     55.56     
11        38.71     41.67     47.46     39.34     48.39     35.94     40.32     39.06     47.46     43.48     -----     39.68     37.88     40.85     35.38     34.33     35.94     47.62     34.29     42.25     31.94     33.33     37.10     39.34     45.00     39.68     24.19     36.92     36.51     42.03     43.86     44.07     43.94     32.79     35.21     47.37     40.62     29.33     34.29     40.32     40.00     42.65     30.99     2.67      38.71     45.90     35.94     36.51     37.50     30.30     14.47     34.21     47.46     47.46     
12        44.00     51.06     52.08     47.92     47.17     46.00     65.91     63.04     52.08     37.10     39.68     -----     50.98     45.76     57.45     52.00     55.32     46.30     42.86     40.32     47.27     54.17     57.78     65.12     46.00     45.10     26.00     44.23     44.00     37.70     44.68     54.35     58.82     42.55     38.98     45.83     43.40     43.10     40.35     48.98     37.70     50.91     49.06     0.00      35.85     50.00     55.32     46.94     54.17     46.94     7.35      37.50     52.08     52.08     
13        56.25     45.10     52.00     57.45     44.64     72.73     68.89     65.96     52.00     44.26     37.88     50.98     -----     48.33     71.11     75.56     72.73     43.86     38.33     42.86     47.37     67.39     72.09     68.18     55.10     60.42     24.53     85.71     70.45     45.00     44.90     57.45     52.73     40.00     46.55     62.22     58.00     43.33     48.21     52.00     38.10     53.57     49.09     0.00      56.25     59.18     80.95     70.45     83.33     50.00     8.57      51.67     52.00     52.00     
14        52.73     48.21     49.12     50.91     50.00     57.41     49.12     47.46     49.12     59.02     40.85     45.76     48.33     -----     45.76     46.67     51.79     49.18     35.29     43.48     52.46     48.28     43.10     53.70     51.79     59.26     36.36     50.00     64.71     60.00     40.35     50.91     47.62     43.64     62.07     51.85     57.14     53.23     58.62     57.41     52.38     48.44     54.24     1.35      50.00     52.63     54.55     55.56     53.57     37.70     7.59      40.85     49.12     49.12     
15        56.52     51.06     58.70     65.12     52.94     65.91     69.77     78.57     58.70     49.12     35.38     57.45     71.11     45.76     -----     80.95     69.77     51.92     35.59     40.32     52.83     94.74     73.17     73.17     55.32     51.02     26.00     63.04     63.64     50.00     51.11     65.12     58.82     42.55     41.38     59.09     49.02     48.21     42.86     52.08     35.48     56.60     54.90     1.61      53.19     59.57     78.05     67.44     76.19     50.00     8.96      37.50     58.70     58.70     
16        54.17     52.08     59.57     62.22     48.15     70.45     66.67     71.11     59.57     47.46     34.33     52.00     75.56     46.67     80.95     -----     78.57     47.27     32.26     39.06     50.91     76.74     69.77     69.77     53.06     55.10     25.00     67.39     68.18     45.76     48.94     62.22     53.70     40.82     42.37     63.64     52.94     46.55     43.86     50.00     32.31     51.79     50.00     1.56      54.17     54.00     82.93     76.19     80.95     48.00     8.70      40.62     59.57     59.57     
17        51.06     48.94     56.52     55.56     45.28     75.61     71.43     68.18     56.52     44.83     35.94     55.32     72.73     51.79     69.77     78.57     -----     44.44     33.90     38.71     50.94     65.91     70.73     70.73     50.00     52.08     24.00     64.44     73.17     43.10     48.89     59.09     56.86     40.43     42.11     68.29     50.00     49.09     43.64     50.00     31.75     51.85     50.00     0.00      57.78     51.02     89.47     77.50     82.50     44.90     7.46      40.32     56.52     56.52     
18        50.98     61.70     69.57     58.33     97.62     44.44     52.94     56.86     69.57     57.89     47.62     46.30     43.86     49.18     51.92     47.27     44.44     -----     37.10     50.82     53.57     54.90     49.02     61.70     59.18     46.30     41.67     42.86     48.08     58.93     58.70     72.73     75.51     44.00     50.00     56.25     47.27     49.15     51.79     50.00     50.85     79.59     55.56     1.49      45.28     50.94     47.17     45.28     46.30     45.28     8.33      34.78     69.57     69.57     
19        34.48     30.51     29.51     30.51     37.70     33.90     38.60     35.00     29.51     37.88     34.29     42.86     38.33     35.29     35.59     32.26     33.90     37.10     -----     34.78     45.00     33.33     42.59     35.09     43.64     33.33     30.19     35.00     34.48     38.46     37.04     32.76     38.10     30.36     33.33     38.18     32.26     41.27     34.38     33.90     38.46     39.06     44.07     0.00      32.20     39.66     33.90     34.48     35.59     32.20     3.95      34.29     29.51     29.51     
20        39.34     37.70     40.98     40.00     51.67     36.51     43.33     44.26     40.98     42.03     42.25     40.32     42.86     43.48     40.32     39.06     38.71     50.82     34.78     -----     36.23     38.10     44.83     42.37     40.98     42.62     35.71     37.50     37.10     42.65     39.66     40.00     51.61     35.59     43.94     38.33     41.27     37.14     45.31     43.33     38.57     50.00     37.31     0.00      34.92     37.50     40.98     37.10     42.62     37.10     7.50      38.36     40.98     40.98     
21        49.06     47.17     50.94     47.17     54.55     48.15     56.86     54.72     50.94     48.39     31.94     47.27     47.37     52.46     52.83     50.91     50.94     53.57     45.00     36.23     -----     55.77     50.00     59.18     48.15     47.27     37.25     46.43     46.30     46.77     44.23     52.94     57.14     42.31     48.33     40.00     48.21     91.49     50.00     48.15     40.00     57.89     95.45     1.45      38.60     51.85     48.15     41.07     50.00     41.07     6.67      33.80     50.94     50.94     
22        60.00     54.35     62.22     69.05     56.00     69.77     65.91     74.42     62.22     51.79     33.33     54.17     67.39     48.28     94.74     76.74     65.91     54.90     33.33     38.10     55.77     -----     69.05     77.50     58.70     54.17     28.57     66.67     67.44     52.73     47.83     69.05     55.77     45.65     43.86     55.56     52.00     50.91     45.45     55.32     37.70     59.62     58.00     1.61      56.52     63.04     73.81     63.64     72.09     53.19     8.96      39.68     62.22     62.22     
23        53.33     47.83     55.56     58.14     50.00     62.79     75.00     71.43     55.56     41.38     37.10     57.78     72.09     43.10     73.17     69.77     70.73     49.02     42.59     44.83     50.00     69.05     -----     74.36     55.56     51.06     30.43     60.00     60.47     42.11     54.76     61.90     59.18     42.22     38.60     63.41     48.98     45.45     40.00     52.17     35.00     53.85     52.00     0.00      53.33     56.52     75.00     64.29     73.17     56.82     9.38      34.92     55.56     55.56     
24        64.29     65.85     75.00     70.00     63.04     70.73     84.21     84.62     75.00     49.09     39.34     65.12     68.18     53.70     73.17     69.77     70.73     61.70     35.09     42.37     59.18     77.50     74.36     -----     62.79     61.36     33.33     67.44     68.29     50.00     54.76     83.78     65.96     52.38     46.30     63.41     58.70     53.85     48.08     70.73     42.11     66.67     61.70     0.00      56.82     67.44     75.00     64.29     73.17     60.47     9.38      41.67     75.00     75.00     
25        57.78     48.94     56.52     52.17     60.42     60.00     60.00     54.17     56.52     58.49     45.00     46.00     55.10     51.79     55.32     53.06     50.00     59.18     43.64     40.98     48.15     58.70     55.56     62.79     -----     58.70     37.78     60.87     61.36     59.62     55.81     62.79     50.94     53.49     55.77     64.29     56.25     43.86     58.00     63.64     50.91     51.85     50.00     0.00      61.36     68.18     53.19     57.78     58.70     47.92     9.09      42.62     56.52     56.52     
26        67.44     54.35     55.32     54.35     47.17     65.91     55.32     56.25     55.32     49.12     39.68     45.10     60.42     59.26     51.02     55.10     52.08     46.30     33.33     42.62     47.27     54.17     51.06     61.36     58.70     -----     34.04     66.67     63.64     50.00     54.55     54.35     50.00     48.89     54.72     55.56     94.87     43.10     56.86     69.77     40.00     48.21     49.06     0.00      56.52     74.42     58.70     56.52     60.87     46.94     8.96      49.15     55.32     55.32     
27        32.61     33.33     31.91     30.43     42.55     26.53     29.17     28.00     31.91     34.55     24.19     26.00     24.53     36.36     26.00     25.00     24.00     41.67     30.19     35.71     37.25     28.57     30.43     33.33     37.78     34.04     -----     25.49     29.79     35.19     32.56     33.33     37.25     30.23     36.54     28.26     32.65     33.33     35.29     34.78     28.07     35.85     36.00     0.00      27.08     30.61     26.53     27.08     26.00     27.08     5.08      24.19     31.91     31.91     
28        62.22     44.00     51.02     56.52     43.64     85.00     60.87     58.33     51.02     48.28     36.92     44.23     85.71     50.00     63.04     67.39     64.44     42.86     35.00     37.50     46.43     66.67     60.00     67.44     60.87     66.67     25.49     -----     73.81     49.12     43.75     56.52     46.43     44.68     48.21     61.36     63.83     42.37     50.00     57.45     41.67     50.00     48.15     0.00      62.22     65.22     72.09     65.91     74.42     48.98     8.82      56.14     51.02     51.02     
29        62.79     50.00     57.78     64.29     49.02     86.84     61.36     58.70     57.78     50.91     36.51     44.00     70.45     64.71     63.64     68.18     73.17     48.08     34.48     37.10     46.30     67.44     60.47     68.29     61.36     63.64     29.79     73.81     -----     51.85     46.67     64.29     46.30     47.73     48.15     70.00     60.87     42.11     50.00     61.36     38.98     50.00     48.08     0.00      75.00     62.22     82.05     84.21     80.00     48.94     9.23      43.33     57.78     57.78     
30        51.85     47.27     53.70     44.64     60.00     50.91     48.21     46.55     53.70     97.92     42.03     37.70     45.00     60.00     50.00     45.76     43.10     58.93     38.46     42.65     46.77     52.73     42.11     50.00     59.62     50.00     35.19     49.12     51.85     -----     56.00     58.82     49.18     42.59     58.62     60.00     48.28     47.62     57.89     50.91     54.10     50.00     48.33     1.39      49.09     54.55     45.61     46.43     50.00     38.98     7.79      40.00     53.70     53.70     
31        53.49     54.76     67.50     51.16     60.00     45.65     55.81     60.47     67.50     54.90     43.86     44.68     44.90     40.35     51.11     48.94     48.89     58.70     37.04     39.66     44.23     47.83     54.76     54.76     55.81     54.55     32.56     43.75     46.67     56.00     -----     66.67     59.57     41.86     43.40     68.42     52.17     40.00     45.10     52.27     39.29     48.08     46.00     1.79      46.67     53.33     48.89     50.00     47.83     40.43     9.84      32.26     67.50     67.50     
32        56.82     78.95     89.19     70.00     74.42     59.09     70.73     75.61     89.19     57.69     44.07     54.35     57.45     50.91     65.12     62.22     59.09     72.73     32.76     40.00     52.94     69.05     61.90     83.78     62.79     54.35     33.33     56.52     64.29     58.82     66.67     -----     62.50     48.84     49.06     71.79     52.08     48.15     50.98     66.67     44.64     63.27     55.10     1.69      53.33     60.00     62.79     60.47     61.36     53.33     9.38      39.34     89.19     89.19     
33        51.92     52.94     63.27     50.00     77.08     48.15     66.67     67.35     63.27     48.39     43.94     58.82     52.73     47.62     58.82     53.70     56.86     75.51     38.10     51.61     57.14     55.77     59.18     65.96     50.94     50.00     37.25     46.43     46.30     49.18     59.57     62.50     -----     42.31     43.55     54.00     50.91     52.54     45.00     50.94     42.19     83.67     59.26     0.00      41.07     51.85     56.86     49.06     55.77     43.64     8.11      35.71     63.27     63.27     
34        44.44     45.45     50.00     42.22     44.90     46.67     50.00     47.83     50.00     44.44     32.79     42.55     40.00     43.64     42.55     40.82     40.43     44.00     30.36     35.59     42.31     45.65     42.22     52.38     53.49     48.89     30.23     44.68     47.73     42.59     41.86     48.84     42.31     -----     50.00     46.51     50.00     38.18     52.08     60.98     42.59     40.74     41.18     0.00      44.44     51.11     40.43     41.30     42.55     41.30     8.20      30.65     50.00     50.00     
35        42.86     43.64     47.27     43.64     50.88     44.64     44.64     45.61     47.27     57.63     35.21     38.98     46.55     62.07     41.38     42.37     42.11     50.00     33.33     43.94     48.33     43.86     38.60     46.30     55.77     54.72     36.54     48.21     48.15     58.62     43.40     49.06     43.55     50.00     -----     47.17     52.73     49.18     95.56     55.77     46.03     42.19     50.00     2.90      42.86     48.21     42.11     42.86     46.43     35.59     6.58      39.13     47.27     47.27     
36        51.11     55.81     64.29     52.27     57.45     68.29     60.47     61.36     64.29     58.82     47.37     45.83     62.22     51.85     59.09     63.64     68.29     56.25     38.18     38.33     40.00     55.56     63.41     63.41     64.29     55.56     28.26     61.36     70.00     60.00     68.42     71.79     54.00     46.51     47.17     -----     53.19     36.21     49.02     56.82     42.86     49.06     41.51     0.00      61.90     54.35     72.50     74.36     70.73     44.68     9.52      42.37     64.29     64.29     
37        68.18     52.08     53.06     52.08     48.15     63.04     53.06     54.00     53.06     47.46     40.62     43.40     58.00     57.14     49.02     52.94     50.00     47.27     32.26     41.27     48.21     52.00     48.98     58.70     56.25     94.87     32.65     63.83     60.87     48.28     52.17     52.08     50.91     50.00     52.73     53.19     -----     44.07     54.72     66.67     40.98     49.12     50.00     0.00      54.17     75.00     56.25     54.17     58.33     45.10     8.70      47.54     53.06     53.06     
38        44.64     42.86     46.43     42.86     50.00     43.86     51.85     50.00     46.43     49.21     29.33     43.10     43.33     53.23     48.21     46.55     49.09     49.15     41.27     37.14     91.49     50.91     45.45     53.85     43.86     43.10     33.33     42.37     42.11     47.62     40.00     48.15     52.54     38.18     49.18     36.21     44.07     -----     50.85     43.86     40.91     53.33     87.23     1.41      35.00     47.37     43.86     37.29     45.61     37.29     5.13      31.08     46.43     46.43     
39        44.44     45.28     49.06     42.59     52.73     46.30     46.30     47.27     49.06     56.90     34.29     40.35     48.21     58.62     42.86     43.86     43.64     51.79     34.38     45.31     50.00     45.45     40.00     48.08     58.00     56.86     35.29     50.00     50.00     57.89     45.10     50.98     45.00     52.08     95.56     49.02     54.72     50.85     -----     58.00     45.16     43.55     51.79     1.47      44.44     50.00     43.64     44.44     48.15     36.84     6.76      40.30     49.06     49.06     
40        57.78     62.79     63.64     55.56     50.98     60.00     67.44     64.44     63.64     50.00     40.32     48.98     52.00     57.41     52.08     50.00     50.00     50.00     33.90     43.33     48.15     55.32     52.17     70.73     63.64     69.77     34.78     57.45     61.36     50.91     52.27     66.67     50.94     60.98     55.77     56.82     66.67     43.86     58.00     -----     40.68     49.09     50.00     0.00      57.78     64.44     53.19     54.35     58.70     44.90     9.09      42.62     63.64     63.64     
41        41.38     42.11     40.68     37.29     51.72     38.33     38.33     37.10     40.68     53.23     40.00     37.70     38.10     52.38     35.48     32.31     31.75     50.85     38.46     38.57     40.00     37.70     35.00     42.11     50.91     40.00     28.07     41.67     38.98     54.10     39.29     44.64     42.19     42.59     46.03     42.86     40.98     40.91     45.16     40.68     -----     45.31     41.27     0.00      36.67     46.55     33.87     34.43     35.48     46.43     6.41      40.00     40.68     40.68     
42        55.77     53.85     60.78     56.86     81.25     51.85     57.69     58.49     60.78     49.21     42.65     50.91     53.57     48.44     56.60     51.79     51.85     79.59     39.06     50.00     57.89     59.62     53.85     66.67     51.85     48.21     35.85     50.00     50.00     50.00     48.08     63.27     83.67     40.74     42.19     49.06     49.12     53.33     43.55     49.09     45.31     -----     60.00     0.00      44.64     52.73     54.72     47.27     53.70     44.64     7.89      38.57     60.78     60.78     
43        50.98     46.15     50.00     49.02     56.60     50.00     59.18     56.86     50.00     47.54     30.99     49.06     49.09     54.24     54.90     50.00     50.00     55.56     44.07     37.31     95.45     58.00     52.00     61.70     50.00     49.06     36.00     48.15     48.08     48.33     46.00     55.10     59.26     41.18     50.00     41.51     50.00     87.23     51.79     50.00     41.27     60.00     -----     1.49      40.00     53.85     50.00     42.59     51.92     42.59     6.85      34.78     50.00     50.00     
44        0.00      1.69      1.64      3.45      1.52      0.00      0.00      1.59      1.64      1.37      2.67      0.00      0.00      1.35      1.61      1.56      0.00      1.49      0.00      0.00      1.45      1.61      0.00      0.00      0.00      0.00      0.00      0.00      0.00      1.39      1.79      1.69      0.00      0.00      2.90      0.00      0.00      1.41      1.47      0.00      0.00      0.00      1.49      -----     0.00      1.59      0.00      0.00      0.00      0.00      12.73     0.00      1.64      1.64      
45        59.09     43.75     51.06     60.47     46.15     73.17     54.35     48.98     51.06     48.21     38.71     35.85     56.25     50.00     53.19     54.17     57.78     45.28     32.20     34.92     38.60     56.52     53.33     56.82     61.36     56.52     27.08     62.22     75.00     49.09     46.67     53.33     41.07     44.44     42.86     61.90     54.17     35.00     44.44     57.78     36.67     44.64     40.00     0.00      -----     55.32     65.12     66.67     67.44     45.83     10.94     36.51     51.06     51.06     
46        73.81     46.94     54.17     56.52     51.92     64.44     60.87     58.33     54.17     53.57     45.90     50.00     59.18     52.63     59.57     54.00     51.02     50.94     39.66     37.50     51.85     63.04     56.52     67.44     68.18     74.42     30.61     65.22     62.22     54.55     53.33     60.00     51.85     51.11     48.21     54.35     75.00     47.37     50.00     64.44     46.55     52.73     53.85     1.59      55.32     -----     57.45     55.32     59.57     48.98     10.45     41.27     54.17     54.17     
47        57.78     48.94     56.52     62.79     48.08     84.62     71.43     72.09     56.52     44.83     35.94     55.32     80.95     54.55     78.05     82.93     89.47     47.17     33.90     40.98     48.15     73.81     75.00     75.00     53.19     58.70     26.53     72.09     82.05     45.61     48.89     62.79     56.86     40.43     42.11     72.50     56.25     43.86     43.64     53.19     33.87     54.72     50.00     0.00      65.12     57.45     -----     86.84     92.11     51.06     9.09      42.62     56.52     56.52     
48        55.56     46.81     54.35     60.47     46.15     77.50     61.36     62.22     54.35     45.61     36.51     46.94     70.45     55.56     67.44     76.19     77.50     45.28     34.48     37.10     41.07     63.64     64.29     64.29     57.78     56.52     27.08     65.91     84.21     46.43     50.00     60.47     49.06     41.30     42.86     74.36     54.17     37.29     44.44     54.35     34.43     47.27     42.59     0.00      66.67     55.32     86.84     -----     80.00     42.86     9.23      38.71     54.35     54.35     
49        60.00     47.92     55.32     61.36     47.17     82.50     78.05     70.45     55.32     49.12     37.50     54.17     83.33     53.57     76.19     80.95     82.50     46.30     35.59     42.62     50.00     72.09     73.17     73.17     58.70     60.87     26.00     74.42     80.00     50.00     47.83     61.36     55.77     42.55     46.43     70.73     58.33     45.61     48.15     58.70     35.48     53.70     51.92     0.00      67.44     59.57     92.11     80.00     -----     53.19     8.96      44.26     55.32     55.32     
50        48.94     53.33     51.06     50.00     46.15     51.06     54.35     52.08     51.06     38.33     30.30     46.94     50.00     37.70     50.00     48.00     44.90     45.28     32.20     37.10     41.07     53.19     56.82     60.47     47.92     46.94     27.08     48.98     48.94     38.98     40.43     53.33     43.64     41.30     35.59     44.68     45.10     37.29     36.84     44.90     46.43     44.64     42.59     0.00      45.83     48.98     51.06     42.86     53.19     -----     7.58      36.51     51.06     51.06     
51        9.23      7.69      9.09      9.38      8.45      9.09      9.09      8.82      9.09      7.69      14.47     7.35      8.57      7.59      8.96      8.70      7.46      8.33      3.95      7.50      6.67      8.96      9.38      9.38      9.09      8.96      5.08      8.82      9.23      7.79      9.84      9.38      8.11      8.20      6.58      9.52      8.70      5.13      6.76      9.09      6.41      7.89      6.85      12.73     10.94     10.45     9.09      9.23      8.96      7.58      -----     4.82      9.09      9.09      
52        38.71     44.07     35.94     32.81     35.29     47.46     38.10     36.92     35.94     39.44     34.21     37.50     51.67     40.85     37.50     40.62     40.32     34.78     34.29     38.36     33.80     39.68     34.92     41.67     42.62     49.15     24.19     56.14     43.33     40.00     32.26     39.34     35.71     30.65     39.13     42.37     47.54     31.08     40.30     42.62     40.00     38.57     34.78     0.00      36.51     41.27     42.62     38.71     44.26     36.51     4.82      -----     35.94     35.94     
53        54.35     79.49     100.00    70.73     71.11     53.19     63.64     72.09     100.00    55.56     47.46     52.08     52.00     49.12     58.70     59.57     56.52     69.57     29.51     40.98     50.94     62.22     55.56     75.00     56.52     55.32     31.91     51.02     57.78     53.70     67.50     89.19     63.27     50.00     47.27     64.29     53.06     46.43     49.06     63.64     40.68     60.78     50.00     1.64      51.06     54.17     56.52     54.35     55.32     51.06     9.09      35.94     -----     100.00    
54        54.35     79.49     100.00    70.73     71.11     53.19     63.64     72.09     100.00    55.56     47.46     52.08     52.00     49.12     58.70     59.57     56.52     69.57     29.51     40.98     50.94     62.22     55.56     75.00     56.52     55.32     31.91     51.02     57.78     53.70     67.50     89.19     63.27     50.00     47.27     64.29     53.06     46.43     49.06     63.64     40.68     60.78     50.00     1.64      51.06     54.17     56.52     54.35     55.32     51.06     9.09      35.94     100.00    -----     
----------------------------------------------------------------------------------------------------------------------------------------------------------------------------------------------------------------------------------------------------------------------------------------------------------------------------------------------------------------------------------------------------------------------------------------------------------------------------------------------------------------------------------------------------------------------

Notable Pairs (Similarity Scores of >= 80.00%)
--------------------------------------------------
File A    File B      Similarity
--------------------------------------------------
3         9         100.00%
3         32        89.19%
3         53        100.00%
3         54        100.00%
5         18        97.62%
5         42        81.25%
6         28        85.00%
6         29        86.84%
6         47        84.62%
6         49        82.50%
7         8         80.49%
7         24        84.21%
8         24        84.62%
9         32        89.19%
9         53        100.00%
9         54        100.00%
10        30        97.92%
13        28        85.71%
13        47        80.95%
13        49        83.33%
15        16        80.95%
15        22        94.74%
16        47        82.93%
16        49        80.95%
17        47        89.47%
17        49        82.50%
21        38        91.49%
21        43        95.45%
24        32        83.78%
26        37        94.87%
29        47        82.05%
29        48        84.21%
29        49        80.00%
32        53        89.19%
32        54        89.19%
33        42        83.67%
35        39        95.56%
38        43        87.23%
47        48        86.84%
47        49        92.11%
48        49        80.00%
53        54        100.00%
--------------------------------------------------

Average similarity score: 48.00
