bills_01.c 9 1 14 10 2 14 14 9 1 14 10 1 14 10 2 14 10 2 14 10 2 14 14 9 1 14 10 1 14 10 1 14 10 1 14 10 1 14 14 10 1 14 9 14 14 10 1 14 10 1 14 10 1 14 10 1 14 11 1 19 16 14 5 14 1 19 16 19 1 19 16 14 14 1 14 19 1 14 14 1 14 1 14 19 1 14 19 1 14 19 1 14 14 1 14 1 14 1 14 1 14 1 14 14 1 14 17 14 14 1 14 17 14 19 1 14 14 14 6 14 15 14 14 14 9 1 14 10 2 14 14 1 14 17 14 14 1 14 17 14 1 14 14 5 14 2 19 1 15 14 14 1 14 17 14 14 1 14 17 14 1 14 14 14 14 9 1 14 10 1 14 10 2 14 10 2 14 10 2 14 14 3 14 1 19 15 14 2 19 15 14 7 3 14 1 19 15 14 2 19 15 14 7 2 19 15 14 14 9 1 14 1 14 1 14 1 14 1 14 14 1 14 17 14 1 14 14 1 14 17 14 1 14 1 14 1 14 14 14 

bills_02.c 9 1 14 10 2 14 14 9 1 14 10 1 14 10 2 14 10 2 14 10 2 14 14 9 1 14 10 1 14 10 1 14 10 1 14 10 1 14 14 10 1 14 9 14 14 11 1 14 10 1 14 10 1 14 10 1 14 10 1 14 8 14 1 14 19 1 14 14 1 14 1 14 19 1 14 19 1 14 19 1 14 14 1 14 1 14 1 14 1 14 1 14 14 1 14 17 14 14 1 14 17 14 19 1 14 14 14 5 14 1 19 16 19 1 19 16 14 14 6 14 15 14 14 14 9 1 14 10 2 14 14 10 1 14 1 14 17 14 14 1 14 17 14 19 1 14 14 5 14 1 19 15 19 15 14 14 1 14 17 14 14 1 14 17 14 14 1 14 17 14 19 1 14 14 14 2 19 1 14 14 9 1 14 10 1 14 10 2 14 10 2 14 10 2 14 14 10 1 14 10 1 14 10 1 14 10 1 14 10 1 14 1 19 1 19 15 14 1 19 1 19 15 14 1 19 1 19 15 14 1 19 1 19 15 14 1 19 1 19 15 14 2 19 1 14 2 19 1 14 2 19 1 14 14 9 1 14 10 1 14 10 1 14 10 1 14 10 1 14 14 1 14 17 14 1 14 14 1 14 17 14 14 1 14 17 14 1 14 1 14 1 14 14 14 

bills_03.c 9 1 14 10 2 14 14 9 1 14 10 1 14 10 2 14 10 2 14 10 2 14 14 9 1 14 10 1 14 10 1 14 10 1 14 10 1 14 14 10 1 14 9 14 14 10 1 14 1 14 1 14 1 14 11 1 19 16 14 5 14 1 19 16 19 1 19 16 14 14 1 14 19 1 14 14 1 14 1 14 19 1 14 19 1 14 19 1 14 14 1 14 1 14 1 14 1 14 1 14 14 1 14 17 14 14 1 14 17 14 19 1 14 14 14 6 14 15 14 14 14 9 1 14 10 2 14 14 10 1 14 1 14 17 14 14 1 14 17 14 19 1 14 14 5 14 1 19 15 19 15 14 14 1 14 17 14 14 1 14 17 14 14 1 14 17 14 19 1 14 14 14 2 19 1 14 14 9 1 14 10 1 14 10 2 14 10 2 14 10 2 14 14 10 1 14 1 14 1 14 1 19 1 19 15 14 1 19 1 19 14 1 19 15 14 14 1 19 1 19 15 14 1 19 1 19 14 1 19 15 14 14 1 19 1 19 15 14 2 19 1 14 2 19 1 14 2 19 1 14 14 9 1 14 10 1 14 10 1 14 10 1 14 10 1 14 14 1 14 17 14 1 14 14 1 14 17 14 14 1 14 17 14 1 14 1 14 1 14 14 14 

bills_04.c 9 1 14 10 2 14 14 9 1 14 10 1 14 10 2 14 10 2 14 10 2 14 14 9 1 14 10 1 14 10 1 14 10 1 14 10 1 14 14 10 1 14 9 14 14 10 1 14 10 1 14 10 1 14 10 1 14 11 1 19 16 14 5 14 1 19 16 19 1 19 16 14 14 1 14 19 1 14 14 1 14 1 14 19 1 14 19 1 14 19 1 14 14 1 14 1 14 1 14 1 14 1 14 14 1 14 17 14 14 1 14 17 14 19 1 14 14 14 6 14 15 14 14 14 9 1 14 10 2 14 14 1 14 17 14 14 1 14 17 14 1 14 14 5 14 14 10 14 1 19 15 19 15 14 14 1 14 17 14 14 1 14 17 14 14 1 14 17 14 1 14 14 14 14 9 1 14 10 1 14 10 2 14 10 2 14 10 2 14 14 1 19 15 14 5 14 1 19 15 14 14 1 19 14 1 19 15 14 14 1 19 15 14 5 14 1 19 15 14 14 1 19 14 1 19 15 14 14 1 19 15 14 5 14 1 19 15 14 14 1 19 14 1 19 15 14 14 14 9 1 14 10 1 14 10 1 14 10 1 14 10 1 14 14 1 14 17 14 1 14 14 1 14 17 14 14 1 14 17 14 1 14 1 14 1 14 14 14 

bills_05.c 9 1 14 10 2 14 14 9 1 14 10 1 14 10 2 14 10 2 14 10 2 14 14 9 1 14 10 1 14 10 1 14 10 1 14 10 1 14 14 10 1 14 9 14 14 10 1 14 10 1 14 10 1 14 10 1 14 11 1 19 16 14 5 14 1 19 16 19 1 19 16 14 14 1 14 19 1 14 14 1 14 1 14 19 1 14 19 1 14 19 1 14 14 1 14 1 14 1 14 1 14 1 14 14 1 14 17 14 14 1 14 17 14 19 1 14 14 14 6 14 15 14 14 14 9 1 14 10 2 14 14 10 1 14 10 1 14 1 14 17 14 14 1 14 17 14 19 1 14 14 1 19 1 19 15 14 5 14 1 19 15 19 15 14 14 1 14 17 14 14 1 14 17 14 14 1 14 17 14 19 1 14 14 1 19 1 19 15 14 14 2 19 1 14 14 9 1 14 10 1 14 10 2 14 10 2 14 10 2 14 14 10 1 19 15 14 1 19 15 14 1 19 15 14 5 14 1 19 15 14 14 3 14 1 19 15 14 14 1 19 15 14 1 19 15 14 14 7 3 14 1 19 15 14 14 1 19 15 14 1 19 15 14 14 7 14 1 19 15 14 1 19 15 14 14 14 2 19 1 14 2 19 1 14 2 19 1 14 14 9 1 14 10 1 14 10 1 14 10 1 14 10 1 14 14 1 14 17 14 1 14 14 1 14 17 14 14 1 14 17 14 1 14 1 14 1 14 14 14 

bills_06.c 9 1 14 10 2 14 14 9 1 14 10 1 14 10 2 14 10 2 14 10 2 14 14 9 1 14 10 1 14 10 1 14 10 1 14 10 1 14 14 10 1 14 9 14 14 10 1 14 1 14 1 14 1 14 11 1 19 16 14 5 14 1 19 16 19 1 19 16 14 14 1 14 19 1 14 14 1 14 1 14 19 1 14 19 1 14 19 1 14 14 1 14 1 14 1 14 1 14 1 14 14 1 14 17 14 14 1 14 17 14 19 1 14 14 14 6 14 15 14 14 14 9 1 14 10 2 14 14 1 14 17 14 14 1 14 17 14 14 1 14 17 14 1 14 14 5 14 2 19 15 19 15 19 2 19 15 14 14 1 14 17 14 14 1 14 17 14 1 14 14 14 14 9 1 14 10 1 14 10 2 14 10 2 14 10 2 14 14 2 19 1 19 15 14 2 19 14 1 19 15 14 19 15 14 2 19 14 14 1 19 15 14 19 15 14 19 15 14 14 9 1 14 10 1 14 10 1 14 10 1 14 10 1 14 14 1 14 17 14 1 14 14 1 14 17 14 1 14 14 1 14 17 14 1 14 14 1 14 17 14 1 14 14 14 

bills_07.c 9 1 14 10 2 14 14 9 1 14 10 1 14 10 2 14 10 2 14 10 2 14 14 9 1 14 10 1 14 10 1 14 10 1 14 10 1 14 14 10 1 14 9 14 14 10 1 14 10 1 14 10 1 14 10 1 14 11 1 19 16 14 5 14 1 19 16 19 1 19 16 14 14 1 14 19 1 14 14 1 14 1 14 19 1 14 19 1 14 19 1 14 14 1 14 1 14 1 14 1 14 1 14 14 1 14 17 14 1 14 14 1 14 17 14 14 1 14 17 14 19 1 14 14 14 6 15 14 14 9 1 14 10 2 14 14 1 14 17 14 14 1 14 17 14 1 14 14 5 14 2 19 15 19 15 14 14 1 14 17 14 14 1 14 17 14 14 1 14 17 14 1 14 14 14 14 9 1 14 10 1 14 10 2 14 10 2 14 10 2 14 14 10 1 14 1 14 2 19 1 19 15 14 1 19 1 19 15 14 2 19 1 19 15 14 1 19 2 19 15 14 2 19 2 19 15 14 14 9 1 14 10 1 14 10 1 14 10 1 14 10 1 14 14 1 14 17 14 14 1 14 17 14 1 14 14 1 14 17 14 1 14 14 1 14 17 14 1 14 14 14 

bills_08.c 9 1 14 10 2 14 14 9 1 14 10 1 14 10 2 14 10 2 14 10 2 14 14 9 1 14 10 1 14 10 1 14 10 1 14 10 1 14 14 10 1 14 9 14 14 10 1 14 10 1 14 10 1 14 10 1 14 11 1 19 16 14 5 14 1 19 16 19 1 19 16 14 14 1 14 19 1 14 14 1 14 1 14 19 1 14 19 1 14 19 1 14 14 1 14 1 14 1 14 1 14 1 14 14 1 14 17 14 14 1 14 17 14 19 1 14 14 14 6 15 14 14 9 1 14 10 2 14 14 1 14 17 14 14 1 14 17 14 1 14 14 5 14 2 19 15 19 15 14 14 1 14 17 14 14 1 14 17 14 14 1 14 17 14 1 14 14 14 14 9 1 14 10 1 14 10 2 14 10 2 14 10 2 14 14 10 1 14 10 1 14 2 19 1 19 15 19 15 14 1 19 1 19 15 14 2 19 1 19 15 19 15 14 1 19 1 19 15 14 2 19 1 19 15 19 15 14 14 9 1 14 10 1 14 10 1 14 10 1 14 10 1 14 14 1 14 17 14 1 14 14 1 14 17 14 14 1 14 17 14 1 14 1 14 1 14 14 14 

bills_09.c 9 1 14 10 2 14 14 9 1 14 10 1 14 10 2 14 10 2 14 10 2 14 14 9 1 14 10 1 14 10 1 14 10 1 14 10 1 14 14 10 1 14 9 14 14 10 1 14 1 14 1 14 1 14 11 1 19 16 14 5 14 1 19 16 19 1 19 16 14 14 1 14 19 1 14 14 1 14 1 14 19 1 14 19 1 14 19 1 14 14 1 14 1 14 1 14 1 14 1 14 14 1 14 17 14 14 1 14 17 14 19 1 14 14 14 6 14 15 14 14 14 9 1 14 10 2 14 14 10 1 14 1 14 17 14 14 1 14 17 14 19 1 14 14 5 14 1 19 15 19 15 14 14 1 14 17 14 14 1 14 17 14 14 1 14 17 14 19 1 14 14 14 2 19 1 14 14 9 1 14 10 1 14 10 2 14 10 2 14 10 2 14 14 10 1 14 1 14 1 14 1 19 1 19 15 14 1 19 1 19 14 1 19 15 14 14 1 19 1 19 15 14 1 19 1 19 14 1 19 15 14 14 1 19 1 19 15 14 2 19 1 14 2 19 1 14 2 19 1 14 14 9 1 14 10 1 14 10 1 14 10 1 14 10 1 14 14 1 14 17 14 1 14 14 1 14 17 14 14 1 14 17 14 1 14 1 14 1 14 14 14 

bills_10.c 9 1 14 10 2 14 14 9 1 14 10 1 14 10 2 14 10 2 14 10 2 14 14 9 1 14 10 1 14 10 1 14 10 1 14 10 1 14 14 10 1 14 9 14 14 10 1 14 1 14 1 14 1 14 11 1 14 1 19 16 14 5 14 1 19 16 19 1 19 16 14 14 1 14 19 1 14 14 1 14 1 14 19 1 14 19 1 14 19 1 14 14 1 14 1 14 1 14 1 14 1 14 14 1 14 17 14 14 1 14 17 14 19 1 14 14 14 6 14 15 14 14 14 9 1 14 10 2 14 14 10 1 14 10 1 14 1 14 17 14 14 1 14 17 14 19 1 14 14 1 19 1 19 15 14 5 14 1 19 15 14 14 1 14 17 14 14 1 14 17 14 14 1 14 17 14 19 1 14 14 1 19 1 19 15 14 14 2 19 1 14 14 9 1 14 10 1 14 10 2 14 10 2 14 10 2 14 14 3 14 1 19 15 14 14 2 19 1 19 15 14 2 19 1 19 15 19 15 14 2 19 1 19 15 19 15 19 15 14 14 7 3 14 1 19 15 19 1 19 15 14 14 2 19 15 14 2 19 1 19 15 14 2 19 14 1 19 2 19 15 14 19 15 14 14 7 14 2 19 15 14 2 19 15 14 2 19 15 14 14 14 9 1 14 10 1 14 10 1 14 10 1 14 10 1 14 14 1 14 17 14 1 14 14 1 14 17 14 14 1 14 17 14 1 14 1 14 1 14 14 14 

bills_11.c 9 1 14 10 2 14 14 9 1 14 1 1 14 1 2 14 1 2 14 1 2 14 14 9 1 14 1 1 14 1 1 14 1 1 14 1 1 14 14 10 1 14 9 14 14 10 1 14 1 1 14 1 14 1 14 11 1 14 8 14 1 14 17 14 14 1 14 17 14 19 1 14 14 3 14 1 19 16 19 1 19 16 14 14 1 14 19 1 14 14 1 14 1 14 19 1 14 19 1 14 19 1 14 14 1 14 1 14 1 14 1 14 1 14 14 14 14 5 14 1 19 16 19 1 19 16 14 14 6 15 14 14 9 1 14 10 2 14 14 10 1 14 8 14 1 14 17 14 14 1 14 17 14 1 14 14 1 19 14 2 19 15 14 14 3 14 1 19 15 14 14 1 14 17 14 14 14 14 5 14 1 19 15 14 14 14 9 1 14 1 1 14 1 2 14 1 2 14 1 2 14 14 10 1 14 1 14 1 14 1 19 1 19 15 14 1 19 14 1 19 1 19 15 14 19 15 14 1 19 14 1 19 14 1 19 15 14 19 14 1 19 15 14 14 19 15 14 2 19 1 14 2 19 1 14 2 19 1 14 14 9 1 14 1 1 14 1 1 14 1 1 14 1 1 14 14 1 14 17 14 1 14 14 1 14 17 14 1 14 14 1 14 17 14 1 14 14 14 

bills_12.c 9 1 14 10 2 14 14 9 1 14 10 1 14 10 2 14 10 2 14 10 2 14 14 9 1 14 10 1 14 10 1 14 10 1 14 10 1 14 14 10 1 14 9 14 14 14 1 14 19 1 14 14 1 14 1 14 19 1 14 19 1 14 19 1 14 14 1 14 1 14 1 14 1 14 1 14 14 1 14 17 14 14 1 14 17 14 19 1 14 14 3 14 1 19 16 19 1 19 16 14 14 14 6 15 14 14 9 1 14 10 2 14 14 1 14 17 14 14 1 14 17 14 1 14 14 5 14 2 19 15 19 15 14 14 1 14 17 14 14 1 14 17 14 14 1 14 17 14 1 14 14 14 14 9 1 14 10 1 14 10 2 14 10 2 14 10 2 14 14 10 1 14 10 1 14 2 19 1 19 15 14 1 19 1 19 14 1 19 15 14 14 2 19 1 19 15 14 1 19 1 19 14 1 19 15 14 14 2 19 1 19 15 14 14 9 1 14 10 1 14 10 1 14 10 1 14 10 1 14 14 11 1 14 1 14 17 14 1 14 14 1 14 17 14 14 1 14 17 14 1 14 1 14 1 14 14 14 

bills_13.c 9 1 14 10 2 14 14 9 1 14 10 1 14 10 2 14 10 2 14 10 2 14 14 9 1 14 10 1 14 10 1 14 10 1 14 10 1 14 14 10 1 14 9 14 14 10 1 14 10 1 14 10 1 14 10 1 14 11 1 19 16 14 5 14 1 19 16 19 1 19 16 14 14 1 14 19 1 14 14 1 14 1 14 19 1 14 19 1 14 19 1 14 14 1 14 1 14 1 14 1 14 1 14 14 1 14 17 14 14 1 14 17 14 19 1 14 14 14 6 15 14 14 9 1 14 10 2 14 14 1 14 17 14 14 1 14 17 14 1 14 14 5 14 2 19 15 19 15 14 14 1 14 17 14 14 1 14 17 14 14 1 14 17 14 1 14 14 14 1 14 17 14 2 14 14 14 9 1 14 10 1 14 10 2 14 10 2 14 10 2 14 14 2 19 1 19 15 14 2 19 14 1 19 14 2 19 15 14 14 19 15 14 2 19 14 1 19 14 2 19 15 14 19 14 2 19 15 14 14 19 15 14 14 9 1 14 10 1 14 10 1 14 10 1 14 10 1 14 14 1 14 17 14 14 1 14 17 14 1 14 1 14 1 14 14 14 

bills_14.c 9 1 14 10 2 14 14 9 1 14 10 1 14 10 2 14 10 2 14 10 2 14 14 9 1 14 10 1 14 10 1 14 10 1 14 10 1 14 14 10 1 14 9 14 14 10 1 14 1 14 1 14 1 14 11 1 14 8 14 1 14 19 1 14 14 1 14 1 14 19 1 14 19 1 14 19 1 14 14 1 14 1 14 1 14 1 14 1 14 14 1 14 17 14 14 1 14 17 14 19 1 14 14 14 5 14 1 19 16 19 1 19 16 14 14 6 14 15 14 14 14 9 1 14 10 2 14 14 1 14 17 14 14 1 14 17 14 1 14 14 5 14 14 2 19 15 14 19 15 14 14 1 14 17 14 14 1 14 17 14 1 14 14 14 14 9 1 14 10 1 14 10 2 14 10 2 14 10 2 14 14 10 1 14 3 14 1 19 15 14 14 2 19 1 19 15 14 1 19 1 19 15 14 3 14 1 19 15 14 14 2 19 14 1 19 15 14 19 15 14 1 19 14 1 19 15 14 19 15 14 14 7 3 14 1 19 15 14 2 19 15 14 3 14 1 19 15 14 2 19 14 14 1 19 15 14 19 15 14 19 15 14 7 3 14 1 19 15 14 2 19 15 14 14 7 3 14 1 19 15 14 14 2 19 1 19 15 14 1 19 1 19 15 14 3 14 1 19 15 14 2 19 14 1 19 15 14 19 15 14 7 2 19 15 14 14 7 14 2 19 1 19 15 14 14 14 9 1 14 10 1 14 10 1 14 10 1 14 10 1 14 14 1 14 17 14 1 14 14 1 14 17 14 1 14 1 14 1 14 14 14 

bills_15.c 9 1 14 10 2 14 14 9 1 14 10 1 14 10 2 14 10 2 14 10 2 14 14 9 1 14 10 1 14 10 1 14 10 1 14 10 1 14 14 10 1 14 9 14 14 10 1 14 1 14 1 14 1 14 11 1 19 16 14 5 14 1 19 16 19 1 19 16 14 14 1 14 19 1 14 14 1 14 1 14 19 1 14 19 1 14 19 1 14 14 1 14 1 14 1 14 1 14 1 14 14 1 14 17 14 14 1 14 17 14 19 1 14 14 14 6 15 14 14 9 1 14 10 2 14 14 1 14 17 14 14 1 14 17 14 1 14 14 5 14 2 19 15 19 15 14 14 1 14 17 14 14 1 14 17 14 14 1 14 17 14 1 14 14 14 14 9 1 14 10 1 14 10 2 14 10 2 14 10 2 14 14 2 19 1 19 15 14 2 19 1 19 15 19 15 14 2 19 1 19 15 19 15 19 15 14 14 9 1 14 10 1 14 10 1 14 10 1 14 10 1 14 14 1 14 17 14 1 14 14 1 14 17 14 14 1 14 17 14 1 14 1 14 1 14 14 14 

bills_16.c 9 1 14 10 2 14 14 9 1 14 10 1 14 10 2 14 10 2 14 10 2 14 14 9 1 14 10 1 14 10 1 14 10 1 14 10 1 14 14 10 1 14 9 14 14 10 1 14 10 1 14 10 1 14 10 1 14 11 1 14 1 19 16 14 5 14 1 19 16 19 1 19 16 14 14 1 14 19 1 14 14 1 14 1 14 19 1 14 19 1 14 19 1 14 14 1 14 1 14 1 14 1 14 1 14 14 1 14 17 14 14 1 14 17 14 19 1 14 14 14 6 15 14 14 9 1 14 10 2 14 14 1 14 17 14 14 1 14 17 14 1 14 14 5 14 2 19 15 19 15 14 14 1 14 17 14 14 1 14 17 14 1 14 14 14 14 9 1 14 10 1 14 10 2 14 10 2 14 10 2 14 14 2 19 1 19 15 14 2 19 1 19 15 19 15 14 2 19 14 1 19 15 19 15 19 2 14 19 15 14 14 9 1 14 10 1 14 10 1 14 10 1 14 10 1 14 14 1 14 17 14 1 14 14 1 14 17 14 14 1 14 17 14 1 14 1 14 1 14 14 14 

bills_17.c 9 1 14 10 2 14 14 9 1 14 10 1 14 10 2 14 10 2 14 10 2 14 14 10 1 14 9 14 14 10 1 14 1 14 1 14 1 14 11 1 14 1 19 16 14 5 14 1 19 16 19 1 19 16 14 14 1 14 19 1 14 14 1 14 1 14 19 1 14 19 1 14 19 1 14 14 1 14 17 14 14 1 14 17 14 1 14 14 1 14 17 14 14 1 14 17 14 1 14 1 14 1 14 14 1 14 17 14 14 1 14 17 14 19 1 14 14 14 6 15 14 14 9 1 14 10 2 14 14 1 14 17 14 14 1 14 17 14 1 14 14 5 14 2 19 15 19 15 14 14 1 14 17 14 14 1 14 17 14 14 1 14 17 14 1 14 14 14 14 9 1 14 10 1 14 10 2 14 10 2 14 10 2 14 14 2 19 1 19 15 14 2 19 14 1 19 15 14 19 15 14 2 19 14 14 1 19 15 14 19 15 14 19 15 14 14 

bills_18.c 9 1 14 14 14 9 1 14 10 2 14 14 9 1 14 10 1 14 10 2 14 10 2 14 10 2 14 14 9 1 14 10 1 14 10 1 14 10 1 14 10 1 14 14 10 1 14 9 14 14 10 1 14 1 14 1 14 1 14 11 1 19 16 14 1 14 14 14 5 14 1 19 16 19 1 19 16 14 14 1 14 19 1 14 14 1 14 1 14 19 1 14 19 1 14 19 1 14 14 1 14 1 14 1 14 1 14 1 14 14 1 14 17 14 14 1 14 17 14 19 1 14 14 14 6 14 15 14 14 14 9 1 14 14 14 1 14 17 14 14 1 14 17 14 14 1 14 17 14 14 14 9 1 14 10 2 14 14 10 1 14 1 14 1 14 17 14 14 1 14 17 14 19 1 14 14 1 19 1 19 15 14 5 14 1 19 15 19 15 14 14 1 14 17 14 14 1 14 17 14 14 1 14 17 14 19 1 14 14 1 19 1 19 15 14 14 2 19 1 14 14 9 1 14 10 1 14 10 2 14 10 2 14 10 2 14 14 10 1 19 15 14 1 19 15 14 1 19 15 14 5 14 1 19 15 14 14 3 14 1 19 15 14 14 1 19 15 14 1 19 15 14 14 7 3 14 1 19 15 14 14 1 19 15 14 1 19 15 14 14 7 14 1 19 15 14 1 19 15 14 14 14 2 19 1 14 2 19 1 14 2 19 1 14 14 9 1 14 10 1 14 10 1 14 10 1 14 10 1 14 14 1 14 17 14 1 14 14 1 14 17 14 14 1 14 17 14 1 14 1 14 1 14 14 14 

bills_19.c 10 1 14 10 2 14 14 10 1 14 10 1 14 10 2 14 10 2 14 10 2 14 14 10 1 14 10 1 14 10 1 14 10 1 14 10 1 14 14 10 1 14 9 14 14 11 1 14 10 1 14 1 14 1 14 1 14 10 1 19 15 14 5 14 1 19 15 14 14 1 14 19 1 14 14 1 14 1 14 19 1 14 19 1 14 19 1 14 14 1 14 1 14 1 14 1 14 1 14 14 1 14 17 14 14 1 14 17 14 19 1 14 14 3 14 1 19 16 19 1 19 16 14 14 1 19 15 14 14 7 3 14 1 19 16 19 1 19 16 14 14 14 7 14 10 1 19 15 14 5 14 1 19 15 14 14 1 14 17 14 14 1 14 17 14 19 1 14 14 3 14 1 19 16 19 1 19 16 14 14 6 15 14 14 7 3 14 1 19 16 19 1 19 16 14 14 1 19 15 14 14 14 14 14 6 15 14 14 10 1 14 10 2 14 14 1 14 17 14 14 1 14 17 14 19 2 14 14 5 14 15 19 2 19 15 14 14 1 14 17 14 14 1 14 17 14 14 1 14 17 14 19 2 14 14 14 6 15 14 14 10 1 14 10 1 14 10 2 14 10 2 14 10 2 14 14 2 19 1 19 15 14 1 19 1 19 14 2 19 15 14 14 2 19 1 19 15 14 1 19 1 19 14 2 19 15 14 14 2 19 1 19 15 14 6 15 14 14 10 1 14 10 1 14 10 1 14 10 1 14 10 1 14 14 1 14 17 14 1 14 14 1 14 17 14 14 1 14 17 14 1 14 1 14 1 14 14 6 15 14 14 

bills_20.c 9 1 14 10 2 14 14 9 1 14 10 1 14 10 2 14 10 2 14 10 2 14 14 9 1 14 10 1 14 10 1 14 10 1 14 10 1 14 14 10 1 14 9 14 14 10 1 14 1 14 1 14 1 14 11 1 14 1 14 17 14 14 8 14 1 19 15 14 1 19 15 14 1 19 15 14 1 14 19 1 14 14 1 14 1 14 19 1 14 19 1 14 19 1 14 14 1 14 1 14 1 14 1 14 1 14 14 1 14 17 14 14 1 14 17 14 19 1 14 14 14 5 14 1 19 16 14 14 6 15 14 14 9 1 14 10 2 14 14 10 1 14 1 14 11 1 14 8 14 1 14 17 14 14 1 19 1 14 17 14 1 14 14 3 14 1 19 15 14 14 1 14 17 14 19 1 14 14 1 14 17 14 1 14 14 1 19 15 14 14 7 3 14 2 19 15 19 15 14 14 1 14 17 14 14 1 19 15 14 14 7 14 1 19 15 14 14 14 5 14 1 19 15 14 14 14 9 1 14 10 1 14 10 2 14 10 2 14 10 2 14 14 5 14 1 19 15 14 14 3 14 1 19 15 14 14 2 19 15 14 1 19 15 14 14 7 3 14 1 19 15 14 14 2 19 15 14 1 19 15 14 14 7 14 2 19 15 14 1 19 15 14 14 14 14 9 1 14 10 1 14 10 1 14 10 1 14 10 1 14 14 1 14 17 14 1 14 14 1 14 17 14 1 14 1 14 1 14 14 14 

bills_21.c 10 1 14 10 2 14 14 10 1 14 10 1 14 10 2 14 10 2 14 10 2 14 14 10 1 14 10 1 14 10 1 14 10 1 14 10 1 14 14 10 1 14 9 14 14 10 1 14 1 14 1 14 1 14 11 1 14 1 19 16 14 5 14 1 19 16 19 1 19 16 14 14 1 14 19 1 14 14 1 14 1 14 19 1 14 19 1 14 19 1 14 14 1 14 1 14 1 14 1 14 1 14 14 1 14 17 14 14 1 14 17 14 19 1 14 14 14 6 14 15 14 14 14 10 1 14 10 2 14 14 1 14 17 14 14 1 14 17 14 1 14 14 5 14 2 19 15 19 15 14 14 1 14 17 14 14 1 14 17 14 1 14 14 14 6 14 15 14 14 14 10 1 14 10 1 14 10 2 14 10 2 14 10 2 14 14 10 1 14 1 14 3 14 1 19 15 19 15 14 14 2 19 1 19 15 14 2 19 15 14 2 19 15 14 14 7 3 14 1 19 15 19 15 14 14 2 19 1 19 15 14 1 19 1 19 15 14 2 19 1 19 15 14 1 19 1 19 15 14 2 19 1 19 15 14 14 7 3 14 1 19 15 19 15 14 14 2 19 1 19 15 14 1 19 1 19 15 14 2 19 1 19 15 14 1 19 1 19 15 14 2 19 1 19 15 14 14 6 14 15 14 14 14 10 1 14 10 1 14 10 1 14 10 1 14 10 1 14 14 1 14 17 14 1 14 14 1 14 17 14 14 1 14 17 14 1 14 1 14 1 14 14 6 14 15 14 14 14 

bills_22.c 9 1 14 10 2 14 14 9 1 14 10 1 14 10 2 14 10 2 14 10 2 14 14 9 1 14 10 1 14 10 1 14 10 1 14 10 1 14 14 10 1 14 9 14 14 10 1 14 10 1 14 10 1 14 10 1 14 11 1 19 16 14 5 14 1 19 16 19 1 19 16 14 14 1 14 19 1 14 14 1 14 1 14 19 1 14 19 1 14 19 1 14 14 1 14 1 14 1 14 1 14 1 14 14 1 14 17 14 14 1 14 17 14 19 1 14 14 14 6 14 15 14 14 14 9 1 14 10 2 14 14 1 14 17 14 14 1 14 17 14 1 14 14 5 14 2 19 15 19 15 14 14 1 14 17 14 14 1 14 17 14 14 1 14 17 14 1 14 14 14 14 9 1 14 10 1 14 10 2 14 10 2 14 10 2 14 14 2 19 1 19 15 14 2 19 1 19 15 19 15 14 2 19 1 19 15 19 15 19 15 14 14 9 1 14 10 1 14 10 1 14 10 1 14 10 1 14 14 1 14 17 14 1 14 14 1 14 17 14 14 1 14 17 14 1 14 1 14 1 14 14 14 

bills_23.c 9 1 14 10 2 14 14 9 1 14 10 1 14 10 2 14 10 2 14 10 2 14 14 9 1 14 10 1 14 10 1 14 10 1 14 10 1 14 14 10 1 14 9 14 14 10 1 14 1 14 1 14 1 14 11 1 19 16 14 1 14 17 14 14 5 14 1 19 16 19 1 19 16 14 14 1 14 19 1 14 14 1 14 1 14 19 1 14 19 1 14 19 1 14 14 1 14 1 14 1 14 1 14 1 14 14 1 14 17 14 14 1 14 17 14 19 1 14 14 14 6 15 14 14 9 1 14 10 2 14 14 1 14 17 14 14 1 14 17 14 19 2 14 14 5 14 2 19 15 19 15 14 14 1 14 17 14 14 1 14 17 14 19 2 14 14 14 14 9 1 14 10 1 14 10 2 14 10 2 14 10 2 14 14 2 19 1 19 15 14 1 19 1 19 15 14 2 19 1 19 15 14 1 19 1 19 15 14 2 19 1 19 15 14 14 9 1 14 10 1 14 10 1 14 10 1 14 10 1 14 14 1 14 17 14 1 14 14 1 14 17 14 14 1 14 17 14 1 14 1 14 1 14 14 14 

bills_24.c 9 1 14 10 2 14 14 9 1 14 10 1 14 10 2 14 10 2 14 10 2 14 14 9 1 14 10 1 14 10 1 14 10 1 14 10 1 14 14 10 1 14 9 14 14 10 1 14 10 1 14 10 1 14 10 1 14 11 1 19 16 14 5 14 1 19 16 19 1 19 16 14 14 1 14 19 1 14 14 1 14 1 14 19 1 14 19 1 14 19 1 14 14 1 14 1 14 1 14 1 14 1 14 14 1 14 17 14 14 1 14 17 14 19 1 14 14 14 6 14 15 14 14 14 9 1 14 10 2 14 14 1 14 17 14 14 1 14 17 14 1 14 14 5 14 2 19 15 19 15 14 14 1 14 17 14 14 1 14 17 14 14 1 14 17 14 1 14 14 14 14 9 1 14 10 1 14 10 2 14 10 2 14 10 2 14 14 10 1 14 2 19 1 19 15 14 1 19 1 19 15 14 2 19 1 19 15 14 1 19 1 19 15 14 2 19 1 19 15 14 14 9 1 14 10 1 14 10 1 14 10 1 14 10 1 14 14 1 14 17 14 1 14 14 1 14 17 14 14 1 14 17 14 1 14 1 14 1 14 14 14 

bills_25.c 9 1 14 10 2 14 14 9 1 14 10 1 14 10 2 14 10 2 14 10 2 14 14 9 1 14 10 1 14 10 1 14 10 1 14 10 1 14 14 10 1 14 9 14 14 10 1 14 10 1 14 10 1 14 10 1 14 11 1 19 16 14 5 14 1 19 16 19 1 19 16 14 14 1 14 19 1 14 14 1 14 1 14 19 1 14 19 1 14 19 1 14 14 1 14 1 14 1 14 1 14 1 14 14 1 14 17 14 14 1 14 17 14 19 1 14 14 14 6 14 15 14 14 14 9 1 14 10 2 14 14 10 1 14 1 14 17 14 14 1 14 17 14 1 14 14 1 19 2 19 15 14 3 14 1 19 15 14 14 7 14 1 14 17 14 14 1 14 17 14 14 1 14 17 14 1 14 14 14 14 9 1 14 10 1 14 10 2 14 10 2 14 10 2 14 14 2 19 1 19 15 14 1 19 1 19 14 2 14 19 15 14 2 19 1 19 15 14 1 19 1 19 14 2 14 19 15 14 2 19 1 19 15 14 14 9 1 14 10 1 14 10 1 14 10 1 14 10 1 14 14 1 14 17 14 1 14 14 1 14 17 14 14 1 14 17 14 1 14 1 14 1 14 14 14 

bills_26.c 9 1 14 10 2 14 14 9 1 14 10 1 14 10 2 14 10 2 14 10 2 14 14 9 1 14 10 1 14 10 1 14 10 1 14 10 1 14 14 10 1 14 9 14 14 10 1 14 10 1 14 10 1 14 10 1 14 11 1 14 8 14 1 14 19 1 14 14 1 14 1 14 19 1 14 19 1 14 19 1 14 14 1 14 1 14 1 14 1 14 1 14 14 1 14 17 14 14 1 14 17 14 19 1 14 14 14 5 14 1 19 16 19 1 19 16 14 14 6 14 15 14 14 14 9 1 14 10 2 14 14 1 14 17 14 14 1 14 17 14 1 14 14 5 14 2 19 15 14 14 1 14 17 14 14 1 14 17 14 14 1 14 17 14 1 14 14 14 14 9 1 14 10 1 14 10 2 14 10 2 14 10 2 14 14 3 14 1 19 15 14 14 2 19 14 1 19 15 14 14 1 19 1 19 14 2 19 15 14 14 2 19 14 1 19 15 14 14 1 19 1 19 14 2 19 15 14 14 2 19 14 1 19 15 14 14 1 19 1 19 14 2 19 15 14 14 14 14 9 1 14 10 1 14 10 1 14 10 1 14 10 1 14 14 1 14 17 14 1 14 14 1 14 17 14 14 1 14 17 14 1 14 1 14 1 14 14 14 

bills_27.c 10 1 14 10 1 14 14 10 1 14 9 14 14 10 1 14 1 14 1 14 1 14 1 14 1 14 1 14 1 14 1 14 1 14 1 14 1 14 8 14 1 14 17 14 14 1 14 17 14 19 1 14 14 1 19 1 19 15 14 5 14 1 19 15 14 14 1 14 17 14 14 1 14 17 14 14 1 14 17 14 19 1 14 14 1 19 1 19 15 14 14 3 14 1 19 15 14 14 1 14 17 14 14 14 7 3 14 1 19 15 14 14 1 14 17 14 14 14 7 3 14 1 19 15 14 14 1 14 17 14 14 14 7 3 14 1 19 15 14 14 1 14 17 14 14 14 7 3 14 1 19 15 14 14 1 14 17 14 14 14 7 14 1 14 17 14 14 14 1 14 17 14 14 1 14 17 14 19 1 14 14 14 5 14 1 19 1 14 14 6 14 15 14 14 14 

bills_28.c 9 1 14 10 2 14 14 9 1 14 10 1 14 10 2 14 10 2 14 10 2 14 14 9 1 14 10 1 14 10 1 14 10 1 14 10 1 14 14 10 1 14 9 14 14 10 1 14 10 1 14 10 1 14 10 1 14 11 1 19 16 14 5 14 1 19 16 19 1 19 16 14 14 1 14 19 1 14 14 1 14 1 14 19 1 14 19 1 14 19 1 14 14 1 14 1 14 1 14 1 14 1 14 14 1 14 17 14 14 1 14 17 14 19 1 14 14 14 6 14 15 14 14 14 9 1 14 10 2 14 14 1 14 17 14 14 1 14 17 14 1 14 14 5 14 2 19 15 19 15 19 2 19 15 14 14 1 14 17 14 2 14 14 1 14 17 14 14 1 14 17 14 14 1 14 17 14 14 1 14 17 14 1 14 14 14 14 9 1 14 10 1 14 10 2 14 10 2 14 10 2 14 14 2 19 1 19 15 14 2 19 14 1 19 14 2 19 15 14 14 19 15 14 2 19 14 1 19 14 2 19 15 14 19 14 2 19 15 14 14 19 15 14 14 9 1 14 10 1 14 10 1 14 10 1 14 10 1 14 14 1 14 17 14 1 14 14 1 14 17 14 14 1 14 17 14 1 14 1 14 14 1 14 17 14 1 14 14 14 

bills_29.c 9 1 14 10 2 14 14 9 1 14 10 1 14 10 2 14 10 2 14 10 2 14 14 9 1 14 10 1 14 10 1 14 10 1 14 10 1 14 14 10 1 14 9 14 14 10 1 14 10 1 14 10 1 14 10 1 14 11 1 19 16 14 5 14 1 19 16 19 1 19 16 14 14 1 14 19 1 14 14 1 14 1 14 19 1 14 19 1 14 19 1 14 14 1 14 1 14 1 14 1 14 1 14 14 1 14 17 14 14 1 14 17 14 19 1 14 14 14 6 14 15 14 14 14 9 1 14 10 2 14 14 1 14 17 14 14 1 14 17 14 1 14 14 5 14 14 2 19 15 14 19 15 14 14 1 14 17 14 14 1 14 17 14 1 14 14 14 14 9 1 14 10 1 14 10 2 14 10 2 14 10 2 14 14 2 19 1 19 15 14 2 19 14 1 19 15 14 19 15 14 2 19 14 14 1 19 15 14 19 15 14 19 15 14 14 9 1 14 10 1 14 10 1 14 10 1 14 10 1 14 14 1 14 17 14 1 14 14 1 14 17 14 1 14 14 1 14 17 14 1 14 14 1 14 17 14 1 14 14 14 

bills_30.c 9 1 14 10 2 14 14 9 1 14 10 1 14 10 2 14 10 2 14 10 2 14 14 9 1 14 10 1 14 10 1 14 10 1 14 10 1 14 14 10 1 14 9 14 14 10 1 14 1 14 1 14 1 14 11 1 19 16 14 5 14 1 19 16 19 1 19 16 14 14 1 14 19 1 14 14 1 14 1 14 19 1 14 19 1 14 19 1 14 14 1 14 1 14 1 14 1 14 1 14 14 1 14 17 14 14 1 14 17 14 19 1 14 14 14 6 14 15 14 14 14 9 1 14 10 2 14 14 10 1 14 10 1 14 1 14 17 14 14 1 14 17 14 19 1 14 14 1 19 1 19 15 14 5 14 1 19 15 14 14 1 14 17 14 14 1 14 17 14 14 1 14 17 14 19 1 14 14 1 19 1 19 15 14 14 2 19 1 14 14 9 1 14 10 1 14 10 2 14 10 2 14 10 2 14 14 3 14 1 19 15 14 14 2 19 1 19 15 14 2 19 1 19 15 19 15 14 2 19 1 19 15 19 15 19 15 14 14 7 3 14 1 19 15 19 1 19 15 14 14 2 19 15 14 2 19 1 19 15 14 2 19 14 1 19 2 19 15 14 19 15 14 14 7 14 2 19 15 14 2 19 15 14 2 19 15 14 14 14 9 1 14 10 1 14 10 1 14 10 1 14 10 1 14 14 1 14 17 14 1 14 14 1 14 17 14 14 1 14 17 14 1 14 1 14 1 14 14 14 

bills_31.c 9 1 14 10 2 14 14 9 1 14 10 1 14 10 2 14 10 2 14 10 2 14 14 9 1 14 10 1 14 10 1 14 10 1 14 10 1 14 14 10 1 14 9 14 14 10 1 14 10 1 14 10 1 14 10 1 14 11 1 19 16 14 5 14 1 19 16 19 1 19 16 14 14 1 14 19 1 14 14 1 14 1 14 19 1 14 19 1 14 19 1 14 14 1 14 1 14 1 14 1 14 1 14 14 1 14 17 14 14 1 14 17 14 19 1 14 14 14 6 15 14 14 9 1 14 10 2 14 14 10 1 14 1 14 17 14 14 1 14 17 14 19 1 14 14 1 19 1 19 15 14 5 14 1 19 15 14 14 1 14 17 14 14 1 14 17 14 14 1 14 17 14 19 1 14 14 14 2 19 1 14 14 9 1 14 10 1 14 10 2 14 10 2 14 10 2 14 14 3 14 1 19 15 14 14 1 19 1 19 15 14 2 19 1 14 14 7 3 14 1 19 15 19 1 19 15 14 14 1 19 1 19 15 14 2 19 1 14 14 7 3 14 1 19 15 19 1 19 15 14 14 1 19 1 19 15 14 2 19 1 14 14 14 9 1 14 10 1 14 10 1 14 10 1 14 10 1 14 14 1 14 17 14 19 1 14 14 1 14 17 14 14 1 14 17 14 19 1 14 19 1 14 19 1 14 14 14 

bills_32.c 9 1 14 10 2 14 14 9 1 14 10 1 14 10 2 14 10 2 14 10 2 14 14 9 1 14 10 1 14 10 1 14 10 1 14 10 1 14 14 10 1 14 9 14 14 10 1 14 10 1 14 10 1 14 10 1 14 11 1 19 16 14 5 14 1 19 16 19 1 19 16 14 14 1 14 19 1 14 14 1 14 1 14 19 1 14 19 1 14 19 1 14 14 1 14 1 14 1 14 1 14 1 14 14 1 14 17 14 14 1 14 17 14 19 1 14 14 14 6 14 15 14 14 14 9 1 14 10 2 14 14 10 1 14 1 14 17 14 14 1 14 17 14 19 1 14 14 5 14 1 19 15 19 15 14 14 1 14 17 14 14 1 14 17 14 14 1 14 17 14 19 1 14 14 14 2 19 1 14 14 9 1 14 10 1 14 10 2 14 10 2 14 10 2 14 14 10 1 14 10 1 14 2 19 1 19 15 14 1 19 1 19 15 14 2 19 1 19 15 14 1 19 1 19 15 14 2 19 1 19 15 14 14 9 1 14 10 1 14 10 1 14 10 1 14 10 1 14 14 1 14 17 14 1 14 14 1 14 17 14 14 1 14 17 14 1 14 1 14 1 14 14 14 

bills_33.c 9 1 14 10 2 14 14 9 1 14 10 1 14 10 2 14 10 2 14 10 2 14 14 9 1 14 10 1 14 10 1 14 10 1 14 10 1 14 14 10 1 14 9 14 14 10 1 14 10 1 14 10 1 14 10 1 14 11 1 19 16 14 5 14 1 19 16 19 1 19 16 14 14 1 14 19 1 14 14 1 14 1 14 19 1 14 19 1 14 19 1 14 14 1 14 1 14 1 14 1 14 1 14 14 1 14 17 14 14 1 14 17 14 19 1 14 14 14 6 15 14 14 9 1 14 10 2 14 14 1 14 17 14 14 1 14 17 14 14 1 14 17 14 1 14 14 5 14 2 19 15 19 15 14 14 1 14 17 14 14 1 14 17 14 1 14 14 14 14 9 1 14 10 1 14 10 2 14 10 2 14 10 2 14 14 10 1 19 15 14 10 1 19 15 14 10 1 19 15 14 5 14 1 19 15 14 14 3 14 1 19 15 14 14 1 19 1 19 15 14 1 19 1 19 15 14 14 7 3 14 1 19 15 14 14 1 19 1 19 15 14 1 19 1 19 15 14 14 7 14 1 19 1 19 15 14 1 19 1 19 15 14 14 14 2 19 1 14 2 19 1 14 2 19 1 14 14 9 1 14 10 1 14 10 1 14 10 1 14 10 1 14 14 1 14 17 14 1 14 14 1 14 17 14 1 14 14 1 14 17 14 1 14 14 1 14 17 14 1 14 14 14 

bills_34.c 9 1 14 10 2 14 14 9 1 14 10 1 14 10 2 14 10 2 14 10 2 14 14 9 1 14 10 1 14 10 1 14 10 1 14 10 1 14 14 10 1 14 9 14 14 10 1 14 10 1 14 10 1 14 10 1 14 1 14 19 1 14 14 1 14 1 14 19 1 14 19 1 14 19 1 14 14 1 14 1 14 1 14 1 14 1 14 14 1 14 17 14 14 1 19 1 19 15 14 6 14 15 14 14 14 9 1 14 10 2 14 14 1 14 17 14 14 1 14 17 14 1 14 14 14 1 14 17 14 14 1 14 17 14 1 14 14 14 14 9 1 14 10 1 14 10 2 14 10 2 14 10 2 14 14 10 1 14 4 14 1 19 1 14 1 19 15 14 14 14 2 19 1 19 15 14 2 19 2 19 15 14 2 19 2 19 15 14 14 14 9 1 14 10 1 14 10 1 14 10 1 14 10 1 14 14 1 14 17 14 1 14 14 1 14 17 14 1 14 14 1 14 17 14 1 14 14 1 14 17 14 1 14 14 14 

bills_35.c 9 1 14 10 2 14 14 9 1 14 10 1 14 10 2 14 10 2 14 10 2 14 14 9 1 14 10 1 14 10 1 14 10 1 14 10 1 14 14 11 1 19 16 14 10 1 14 9 14 14 10 1 14 1 14 1 14 1 14 1 14 11 1 14 4 14 1 19 16 14 1 19 1 14 1 14 17 14 19 1 14 14 14 1 14 19 1 14 14 1 14 1 14 19 1 14 19 1 14 19 1 14 14 1 14 1 14 1 14 1 14 1 14 14 1 14 17 14 14 14 1 14 17 14 14 6 14 15 14 14 14 9 1 14 10 2 14 14 10 1 14 1 14 17 14 14 1 14 17 14 1 14 14 1 19 2 19 15 14 5 14 1 19 15 14 14 1 14 17 14 14 1 14 17 14 14 1 14 17 14 1 14 14 1 19 2 19 15 14 14 14 9 1 14 10 1 14 10 2 14 10 2 14 10 2 14 14 10 1 14 3 14 1 19 15 14 14 2 19 14 1 19 15 14 14 1 19 1 19 14 2 19 15 14 14 2 19 14 1 19 15 14 14 1 19 14 2 19 15 14 14 2 19 14 1 19 15 14 14 14 7 3 14 1 19 15 19 1 19 15 14 14 2 19 15 14 2 19 1 19 15 14 1 19 1 19 14 2 19 15 14 14 2 19 1 19 15 14 14 7 3 14 1 19 15 14 14 2 19 15 14 2 19 15 14 2 19 15 14 14 14 9 1 14 10 1 14 10 1 14 10 1 14 10 1 14 14 1 14 17 14 1 14 14 1 14 17 14 14 1 14 17 14 1 14 1 14 1 14 14 14 

bills_36.c 9 1 14 10 2 14 14 9 1 14 10 1 14 10 2 14 10 2 14 10 2 14 14 9 1 14 10 1 14 10 1 14 10 1 14 10 1 14 14 10 1 14 9 14 14 10 1 14 10 1 14 1 14 1 14 11 1 19 16 14 5 14 1 19 16 19 1 19 16 14 14 1 14 19 1 14 14 1 14 1 14 19 1 14 19 1 14 19 1 14 14 1 14 1 14 1 14 1 14 1 14 14 1 14 17 14 14 1 14 17 14 19 1 14 14 14 6 15 14 14 9 1 14 10 2 14 14 10 1 14 10 1 14 1 14 17 14 14 1 14 17 14 19 1 14 14 1 19 1 19 15 14 5 14 1 19 15 14 14 1 14 17 14 14 1 14 17 14 14 1 14 17 14 19 1 14 14 14 2 19 1 14 14 9 1 14 10 1 14 10 2 14 10 2 14 10 2 14 14 2 19 1 19 15 14 2 19 14 1 19 15 14 19 15 14 2 19 14 1 19 15 14 19 15 14 14 9 1 14 10 1 14 10 1 14 10 1 14 10 1 14 14 1 14 17 14 1 14 14 1 14 17 14 14 1 14 17 14 1 14 1 14 1 14 14 14 

bills_37.c 9 1 14 10 2 14 14 9 1 14 10 1 14 10 2 14 10 2 14 10 2 14 14 9 1 14 10 1 14 10 1 14 10 1 14 10 1 14 14 10 1 14 9 14 14 10 1 14 10 1 14 10 1 14 10 1 14 11 1 14 8 14 1 14 19 1 14 14 1 14 1 14 19 1 14 19 1 14 19 1 14 14 1 14 1 14 1 14 1 14 1 14 14 1 14 17 14 14 1 14 17 14 19 1 14 14 14 5 14 1 19 16 19 1 19 16 14 14 6 14 15 14 14 14 9 1 14 10 2 14 14 1 14 17 14 14 1 14 17 14 1 14 14 5 14 2 19 15 14 14 1 14 17 14 14 1 14 17 14 14 1 14 17 14 1 14 14 14 14 9 1 14 10 1 14 10 2 14 10 2 14 10 2 14 14 3 14 1 19 15 14 14 14 2 19 14 1 19 15 14 14 1 19 1 19 14 2 19 15 14 14 2 19 14 1 19 15 14 14 1 19 1 19 14 2 19 15 14 14 2 19 14 1 19 15 14 14 1 19 1 19 14 2 19 15 14 14 14 14 9 1 14 1 14 1 14 1 14 1 14 14 1 14 17 14 1 14 14 1 14 17 14 14 1 14 17 14 1 14 1 14 1 14 14 14 

bills_38.c 10 1 14 10 2 14 14 1 14 17 14 14 1 14 17 14 1 14 14 5 14 2 19 15 19 15 14 14 1 14 17 14 14 1 14 17 14 14 1 14 17 14 1 14 14 14 6 14 15 14 14 14 10 1 14 10 1 14 10 2 14 10 2 14 10 2 14 14 10 1 14 1 14 3 14 1 19 15 19 15 14 14 2 19 1 19 15 14 2 19 15 14 2 19 15 14 14 7 3 14 1 19 15 19 15 14 14 2 19 1 19 15 14 1 19 1 19 15 14 2 19 1 19 15 14 1 19 1 19 15 14 2 19 1 19 15 14 14 7 14 2 19 1 19 15 14 1 19 1 19 15 14 2 19 1 19 15 14 1 19 1 19 15 14 2 19 1 19 15 14 14 6 14 15 14 14 14 10 1 14 10 1 14 10 1 14 10 1 14 10 1 14 14 1 14 17 14 1 14 14 1 14 17 14 14 1 14 17 14 1 14 1 14 1 14 14 6 14 15 14 14 14 10 1 14 9 14 14 10 1 14 1 14 1 14 1 14 11 1 14 1 19 16 14 5 14 1 19 16 19 1 19 16 14 14 1 14 19 1 14 14 1 14 1 14 19 1 14 19 1 14 19 1 14 14 1 14 1 14 1 14 1 14 1 14 14 1 14 17 14 14 1 14 17 14 19 1 14 14 14 6 14 15 14 14 14 

bills_39.c 9 1 14 10 2 14 14 9 1 14 10 1 14 10 2 14 10 2 14 10 2 14 14 9 1 14 10 1 14 10 1 14 10 1 14 10 1 14 14 11 1 19 16 14 10 1 14 9 14 14 10 1 14 10 1 14 1 14 1 14 11 1 14 4 14 1 19 16 14 1 19 1 14 1 14 17 14 19 1 14 14 14 1 14 19 1 14 14 1 14 1 14 19 1 14 19 1 14 19 1 14 14 1 14 1 14 1 14 1 14 1 14 14 1 14 17 14 14 14 1 14 17 14 14 6 14 15 14 14 14 9 1 14 10 2 14 14 10 1 14 1 14 17 14 14 1 14 17 14 1 14 14 1 19 2 19 15 14 5 14 1 19 15 14 14 1 14 17 14 14 1 14 17 14 14 1 14 17 14 1 14 14 1 19 2 19 15 14 14 14 9 1 14 10 1 14 10 2 14 10 2 14 10 2 14 14 10 1 14 3 14 1 19 15 14 14 2 19 14 1 19 15 14 14 1 19 1 19 14 2 19 15 14 14 2 19 14 1 19 15 14 14 1 19 1 19 14 2 19 15 14 14 2 19 1 19 15 14 14 7 3 14 1 19 15 19 1 19 15 14 14 2 19 15 14 2 19 14 1 19 15 14 14 1 19 1 19 14 2 19 15 14 14 2 19 1 19 15 14 14 7 3 14 1 19 15 14 14 2 19 15 14 2 19 15 14 2 19 15 14 14 14 9 1 14 10 1 14 10 1 14 10 1 14 10 1 14 14 1 14 17 14 1 14 14 1 14 17 14 14 1 14 17 14 1 14 1 14 1 14 14 14 

bills_40.c 9 1 14 10 2 14 14 9 1 14 10 1 14 10 2 14 10 2 14 10 2 14 14 9 1 14 10 1 14 10 1 14 10 1 14 10 1 14 14 10 1 14 9 14 14 10 1 14 10 1 14 10 1 14 10 1 14 11 1 14 8 14 1 14 19 1 14 14 1 14 1 14 19 1 14 19 1 14 19 1 14 14 1 14 1 14 1 14 1 14 1 14 14 1 14 17 14 14 1 14 17 14 19 1 14 14 14 5 14 1 19 16 19 1 19 16 14 14 1 14 17 14 14 6 14 15 14 14 14 9 1 14 10 2 14 14 1 1 14 10 1 14 11 1 14 1 14 17 14 14 1 19 1 14 17 14 1 14 14 5 14 1 19 15 14 14 1 14 17 14 19 1 14 14 1 14 17 14 1 14 14 1 14 17 14 14 1 19 1 14 17 14 1 14 14 14 1 19 2 19 15 14 5 14 1 19 15 14 14 1 14 17 14 14 1 14 17 14 14 1 14 17 14 1 14 14 1 19 2 19 15 14 14 14 9 1 14 10 1 14 10 2 14 10 2 14 10 2 14 14 10 1 14 2 19 1 19 15 14 1 19 1 19 15 14 2 19 1 19 15 14 1 19 1 19 15 14 2 19 1 19 15 14 14 9 1 14 10 1 14 10 1 14 10 1 14 10 1 14 14 1 14 17 14 1 14 14 1 14 17 14 14 1 14 17 14 1 14 1 14 1 14 14 14 

bills_41.c 9 1 14 10 2 14 14 9 1 14 10 1 14 10 2 14 10 2 14 10 2 14 14 9 1 14 10 1 14 10 1 14 10 1 14 10 1 14 14 10 1 14 9 14 14 11 1 19 16 14 10 1 14 1 14 1 14 1 14 5 14 1 19 16 19 1 19 16 14 14 1 14 19 1 14 14 1 14 1 14 19 1 14 19 1 14 19 1 14 14 1 14 1 14 1 14 1 14 1 14 14 1 14 17 14 14 1 14 17 14 19 1 14 14 14 6 14 15 14 14 14 9 1 14 10 2 14 14 10 1 14 1 14 1 14 17 14 14 1 14 17 14 19 1 14 14 1 19 1 19 15 14 3 14 1 19 15 14 2 19 1 14 7 14 1 14 17 14 14 1 14 17 14 14 1 14 17 14 19 1 14 14 14 14 9 1 14 10 1 14 10 2 14 10 2 14 10 2 14 14 10 1 14 1 14 3 14 1 19 15 14 14 2 19 1 19 15 14 1 19 1 19 14 2 19 15 14 14 3 14 1 19 15 14 14 2 19 1 19 15 14 1 19 1 19 14 2 19 15 14 14 2 19 1 19 15 14 14 7 14 2 19 15 14 2 19 1 19 15 14 14 14 7 3 14 14 1 19 15 14 19 14 1 19 15 14 14 14 2 19 15 14 2 19 1 19 15 14 1 19 1 19 15 14 2 19 1 19 15 14 14 7 2 19 15 14 2 19 15 14 2 19 1 19 15 14 14 9 1 14 10 1 14 10 1 14 10 1 14 10 1 14 14 1 14 17 14 14 1 14 17 14 1 14 1 14 1 14 14 14 

bills_42.c 9 1 14 10 2 14 14 10 1 14 10 1 14 10 2 14 10 2 14 10 2 14 14 9 1 14 10 1 14 10 1 14 10 1 14 14 10 1 14 9 14 14 10 1 14 10 1 14 10 1 14 10 1 14 11 1 19 16 14 5 14 1 19 16 19 1 19 16 14 14 1 14 19 1 14 14 1 14 1 14 19 1 14 19 1 14 19 1 14 14 1 14 1 14 1 14 1 14 14 1 14 17 14 14 1 14 17 14 19 1 14 14 14 6 14 15 14 14 14 9 1 14 10 2 14 14 1 14 17 14 14 1 14 17 14 1 14 14 5 14 2 19 15 19 15 14 14 1 14 17 14 14 1 14 17 14 14 1 14 17 14 1 14 14 14 1 14 17 14 2 14 14 14 10 1 14 10 1 14 10 2 14 10 2 14 10 2 14 14 10 1 19 15 14 10 1 19 15 14 10 1 19 15 14 5 14 1 19 15 14 14 3 14 1 19 15 14 14 1 19 15 14 1 19 15 14 14 7 3 14 1 19 15 14 14 1 19 15 14 1 19 15 14 14 7 14 1 19 15 14 1 19 15 14 14 14 2 19 1 14 2 19 1 14 2 19 1 14 14 9 1 14 10 1 14 10 1 14 10 1 14 14 1 14 17 14 14 1 14 17 14 1 14 1 14 1 14 14 14 

bills_43.c 10 1 14 10 2 14 14 10 1 14 10 1 14 10 2 14 10 2 14 10 2 14 14 10 1 14 10 1 14 10 1 14 10 1 14 10 1 14 14 10 1 14 9 14 14 10 1 14 10 1 14 10 1 14 10 1 14 11 1 19 16 14 5 14 1 19 16 19 1 19 16 14 14 1 14 19 1 14 14 1 14 1 14 19 1 14 19 1 14 19 1 14 14 1 14 1 14 1 14 1 14 1 14 14 1 14 17 14 14 1 14 17 14 19 1 14 14 14 6 14 15 14 14 14 10 1 14 10 2 14 14 1 14 17 14 14 1 14 17 14 1 14 14 5 14 2 19 15 19 15 14 14 1 14 17 14 14 1 14 17 14 1 14 14 14 14 10 1 14 10 1 14 10 2 14 10 2 14 10 2 14 14 10 1 14 10 1 14 3 14 1 19 15 19 15 14 14 2 19 1 19 15 14 2 19 15 14 2 19 15 14 14 7 3 14 1 19 15 19 15 14 14 2 19 1 19 15 14 1 19 1 19 15 14 2 19 1 19 15 14 1 19 1 19 15 14 2 19 1 19 15 14 14 7 3 14 1 19 15 19 15 14 14 2 19 1 19 15 14 1 19 1 19 15 14 2 19 1 19 15 14 1 19 1 19 15 14 2 19 1 19 15 14 14 6 14 15 14 14 14 10 1 14 10 1 14 10 1 14 10 1 14 10 1 14 14 1 14 17 14 1 14 14 1 14 17 14 1 14 14 1 14 17 14 1 14 14 1 14 17 14 1 14 14 14 

bills_44.c 1 1 1 1 1 15 15 14 15 14 15 15 1 19 15 19 19 14 14 1 19 14 14 1 255 255 255 255 255 255 255 255 255 255 255 255 255 255 255 255 1 14 1 1 1 1 1 19 15 1 1 1 19 15 19 19 2 1 1 19 19 19 15 1 14 15 1 14 15 1 1 1 1 1 1 1 1 1 19 1 1 1 1 1 19 15 1 1 1 1 1 1 1 1 1 1 1 1 1 1 19 15 19 19 2 1 1 19 19 19 15 1 14 15 1 14 15 1 1 1 1 1 1 1 1 1 19 1 1 19 15 19 1 1 19 15 19 1 1 1 1 1 15 15 14 15 14 15 15 

bills_45.c 9 1 14 10 2 14 14 9 1 14 10 1 14 10 2 14 10 2 14 10 2 14 14 9 1 14 10 1 14 10 1 14 10 1 14 10 1 14 14 10 1 14 9 14 14 10 1 14 1 14 1 14 1 14 11 1 19 16 14 5 14 1 19 16 19 1 19 16 14 14 1 14 19 1 14 14 1 14 1 14 19 1 14 19 1 14 19 1 14 14 1 14 1 14 1 14 1 14 1 14 14 1 14 17 14 14 1 14 17 14 19 1 14 14 14 6 14 15 14 14 14 9 1 14 10 2 14 14 1 1 14 1 14 17 14 14 1 14 17 14 1 14 14 1 19 2 19 15 14 5 14 1 19 15 14 14 1 14 17 14 14 1 14 17 14 14 1 14 17 14 1 14 14 1 19 2 19 15 14 14 14 9 1 14 10 1 14 10 2 14 10 2 14 10 2 14 14 2 19 14 10 14 1 19 15 14 2 19 14 10 14 14 1 19 15 14 19 15 14 2 19 14 14 1 19 15 14 19 15 14 19 15 14 14 9 1 14 10 1 14 10 1 14 10 1 14 10 1 14 14 1 14 17 14 1 14 14 1 14 17 14 14 1 14 17 14 1 14 1 14 1 14 14 14 

bills_46.c 9 1 14 10 2 14 14 9 1 14 1 1 14 10 2 14 10 2 14 10 2 14 14 9 1 14 10 1 14 10 1 14 10 1 14 10 1 14 14 10 1 14 9 14 14 10 1 14 1 14 1 14 1 14 11 1 19 16 14 5 14 1 19 16 19 1 19 16 14 14 1 14 19 1 14 14 1 14 1 14 19 1 14 19 1 14 19 1 14 14 1 14 1 14 1 14 1 14 1 14 14 1 14 17 14 14 1 14 17 14 19 1 14 14 14 6 14 15 14 14 14 9 1 14 10 2 14 14 1 14 17 14 14 1 14 17 14 1 14 14 5 14 2 19 15 14 14 1 14 17 14 14 1 14 17 14 14 1 14 17 14 1 14 14 14 14 9 1 14 1 1 14 10 2 14 10 2 14 10 2 14 14 3 14 1 19 15 14 14 2 19 1 19 15 14 1 19 1 19 14 2 19 15 14 14 2 19 1 19 15 14 1 19 1 19 14 2 19 15 14 14 2 19 1 19 15 14 1 19 1 19 14 2 19 15 14 14 14 14 9 1 14 10 1 14 10 1 14 10 1 14 10 1 14 14 1 14 17 14 1 14 14 1 14 17 14 14 1 14 17 14 1 14 1 14 1 14 14 14 

bills_47.c 9 1 14 10 2 14 14 9 1 14 10 1 14 10 2 14 10 2 14 10 2 14 14 9 1 14 10 1 14 10 1 14 10 1 14 10 1 14 14 10 1 14 9 14 14 10 1 14 10 1 14 10 1 14 10 1 14 11 1 19 16 14 5 14 1 19 16 19 1 19 16 14 14 1 14 19 1 14 14 1 14 1 14 19 1 14 19 1 14 19 1 14 14 1 14 1 14 1 14 1 14 1 14 14 1 14 17 14 14 1 14 17 14 19 1 14 14 14 6 15 14 14 9 1 14 10 2 14 14 1 14 17 14 14 1 14 17 14 1 14 14 5 14 2 19 15 19 15 14 14 1 14 17 14 14 1 14 17 14 14 1 14 17 14 1 14 14 14 14 9 1 14 10 1 14 10 2 14 10 2 14 10 2 14 14 2 19 1 19 15 14 2 19 14 1 19 15 14 19 15 14 2 19 14 14 1 19 15 14 19 15 14 19 15 14 14 9 1 14 10 1 14 10 1 14 10 1 14 10 1 14 14 1 14 17 14 1 14 14 1 14 17 14 14 1 14 17 14 1 14 1 14 1 14 14 14 

bills_48.c 9 1 14 10 2 14 14 9 1 14 10 1 14 10 2 14 10 2 14 10 2 14 14 9 1 14 10 1 14 10 1 14 10 1 14 10 1 14 14 10 1 14 9 14 14 10 1 14 10 1 14 10 1 14 10 1 14 11 1 19 16 14 5 14 1 19 16 19 1 19 16 14 14 1 14 19 1 14 14 1 14 1 14 19 1 14 19 1 14 19 1 14 14 1 14 1 14 1 14 1 14 1 14 14 1 14 17 14 14 1 14 17 14 19 1 14 14 14 6 15 14 14 9 1 14 10 2 14 14 1 14 17 14 14 1 14 17 14 1 14 14 5 14 14 14 2 14 19 15 14 19 15 14 14 1 14 17 14 14 1 14 17 14 14 1 14 17 14 1 14 14 14 14 9 1 14 10 1 14 10 2 14 10 2 14 10 2 14 14 2 19 1 19 15 14 2 19 14 1 19 15 14 19 15 14 2 19 14 14 1 19 15 14 19 15 14 19 15 14 14 9 1 14 10 1 14 10 1 14 10 1 14 10 1 14 14 1 14 17 14 1 14 14 1 14 17 14 14 1 14 17 14 1 14 1 14 1 14 14 14 

bills_49.c 9 1 14 10 2 14 14 9 1 14 10 1 14 10 2 14 10 2 14 10 2 14 14 9 1 14 10 1 14 10 1 14 10 1 14 10 1 14 14 10 1 14 9 14 14 10 1 14 10 1 14 10 1 14 10 1 14 11 1 19 16 14 5 14 1 19 16 19 1 19 16 14 14 1 14 19 1 14 14 1 14 1 14 19 1 14 19 1 14 19 1 14 14 1 14 1 14 1 14 1 14 1 14 14 1 14 17 14 14 1 14 17 14 19 1 14 14 14 6 15 14 14 9 1 14 10 2 14 14 1 14 17 14 14 1 14 17 14 1 14 14 5 14 2 19 15 19 15 14 14 1 14 17 14 14 1 14 17 14 1 14 14 14 14 9 1 14 10 1 14 10 2 14 10 2 14 10 2 14 14 2 19 1 19 15 14 2 19 14 1 19 2 19 15 14 19 15 14 2 19 14 1 19 2 19 15 19 2 19 15 14 19 15 14 14 9 1 14 10 1 14 10 1 14 10 1 14 10 1 14 14 1 14 17 14 1 14 14 1 14 17 14 14 1 14 17 14 1 14 1 14 1 14 14 14 

bills_50.c 9 1 14 10 2 14 14 9 1 14 10 1 14 10 2 14 10 2 14 10 2 14 14 9 1 14 10 1 14 10 1 14 10 1 14 10 1 14 14 10 1 14 9 14 14 11 1 19 16 14 10 1 14 1 14 1 14 1 14 5 14 1 19 16 19 1 19 16 14 14 1 14 19 1 14 14 1 14 1 14 19 1 14 19 1 14 19 1 14 14 1 14 1 14 1 14 1 14 1 14 14 1 14 17 14 14 1 14 17 14 19 1 14 14 14 6 14 15 14 14 14 9 1 14 10 2 14 14 5 14 2 19 15 19 15 14 14 1 14 17 14 14 1 14 17 14 1 14 14 14 14 9 1 14 10 1 14 10 2 14 10 2 14 10 2 14 14 4 14 2 19 15 14 1 19 15 14 19 2 14 1 19 1 19 15 14 4 14 2 19 15 14 1 19 15 14 19 2 14 1 19 1 19 15 14 4 14 2 19 15 14 1 19 15 14 19 2 14 1 19 1 19 15 14 14 9 1 14 10 1 14 10 1 14 10 1 14 10 1 14 14 1 14 17 14 1 14 1 14 1 14 1 14 14 14 

bills_51.c 9 1 14 1 2 14 14 9 1 14 1 1 14 1 2 14 1 2 14 1 2 14 14 9 1 14 1 1 14 1 1 14 1 1 14 1 1 14 14 10 1 14 9 14 14 1 1 14 1 1 14 1 1 14 1 1 14 11 1 19 1 17 1 1 1 19 1 17 19 1 17 1 1 1 1 1 1 1 19 19 17 19 1 17 1 1 1 1 1 19 19 1 17 1 1 1 1 15 14 15 14 15 255 19 1 17 1 1 1 17 19 1 17 1 19 14 15 1 1 17 1 14 19 1 1 17 1 14 19 1 1 17 1 14 19 14 15 1 1 1 255 14 1 14 14 14 

bills_52.c 9 1 14 10 2 14 14 9 1 14 10 1 14 10 2 14 10 2 14 10 2 14 14 9 1 14 10 1 14 10 1 14 10 1 14 10 1 14 14 10 1 14 9 14 14 11 1 14 10 1 14 10 1 14 1 14 1 14 8 14 1 14 19 1 14 14 1 14 1 14 19 1 14 19 1 14 19 1 14 14 1 14 1 14 1 14 1 14 1 14 14 1 14 17 14 14 1 14 17 14 14 1 14 17 14 19 1 14 14 1 14 17 14 14 3 14 1 19 16 19 1 19 16 19 1 19 16 19 1 19 16 14 14 1 14 17 14 14 14 7 14 14 14 5 14 1 19 16 19 1 19 16 14 14 6 14 15 14 14 14 9 1 14 10 2 14 14 10 1 14 1 14 17 14 14 1 14 17 14 1 14 14 3 14 2 19 15 19 15 14 14 8 14 1 14 17 14 14 1 14 17 14 14 1 14 17 14 19 1 14 14 2 19 1 14 14 5 14 2 19 15 19 15 14 14 14 7 14 14 14 9 1 14 10 1 14 10 2 14 10 2 14 10 2 14 14 2 19 1 19 15 14 2 19 14 1 19 14 2 19 15 14 14 19 15 14 2 19 14 1 19 14 2 19 15 14 19 14 2 19 15 14 14 19 15 14 14 9 1 14 10 1 14 10 1 14 10 1 14 10 1 14 14 1 14 17 14 1 14 14 1 14 17 14 14 1 14 17 14 1 14 1 14 1 14 14 14 

bills_53.c 9 1 14 10 2 14 14 9 1 14 10 1 14 10 2 14 10 2 14 10 2 14 14 9 1 14 10 1 14 10 1 14 10 1 14 10 1 14 14 10 1 14 9 14 14 10 1 14 1 14 1 14 1 14 11 1 19 16 14 5 14 1 19 16 19 1 19 16 14 14 1 14 19 1 14 14 1 14 1 14 19 1 14 19 1 14 19 1 14 14 1 14 1 14 1 14 1 14 1 14 14 1 14 17 14 14 1 14 17 14 19 1 14 14 14 6 14 15 14 14 14 9 1 14 10 2 14 14 10 1 14 1 14 17 14 14 1 14 17 14 19 1 14 14 5 14 1 19 15 19 15 14 14 1 14 17 14 14 1 14 17 14 14 1 14 17 14 19 1 14 14 14 2 19 1 14 14 9 1 14 10 1 14 10 2 14 10 2 14 10 2 14 14 10 1 14 1 14 1 14 1 19 1 19 15 14 1 19 1 19 14 1 19 15 14 14 1 19 1 19 15 14 1 19 1 19 14 1 19 15 14 14 1 19 1 19 15 14 2 19 1 14 2 19 1 14 2 19 1 14 14 9 1 14 10 1 14 10 1 14 10 1 14 10 1 14 14 1 14 17 14 1 14 14 1 14 17 14 14 1 14 17 14 1 14 1 14 1 14 14 14 

bills_54.c 9 1 14 10 2 14 14 9 1 14 10 1 14 10 2 14 10 2 14 10 2 14 14 9 1 14 10 1 14 10 1 14 10 1 14 10 1 14 14 10 1 14 9 14 14 10 1 14 1 14 1 14 1 14 11 1 19 16 14 5 14 1 19 16 19 1 19 16 14 14 1 14 19 1 14 14 1 14 1 14 19 1 14 19 1 14 19 1 14 14 1 14 1 14 1 14 1 14 1 14 14 1 14 17 14 14 1 14 17 14 19 1 14 14 14 6 14 15 14 14 14 9 1 14 10 2 14 14 10 1 14 1 14 17 14 14 1 14 17 14 19 1 14 14 5 14 1 19 15 19 15 14 14 1 14 17 14 14 1 14 17 14 14 1 14 17 14 19 1 14 14 14 2 19 1 14 14 9 1 14 10 1 14 10 2 14 10 2 14 10 2 14 14 10 1 14 1 14 1 14 1 19 1 19 15 14 1 19 1 19 14 1 19 15 14 14 1 19 1 19 15 14 1 19 1 19 14 1 19 15 14 14 1 19 1 19 15 14 2 19 1 14 2 19 1 14 2 19 1 14 14 9 1 14 10 1 14 10 1 14 10 1 14 10 1 14 14 1 14 17 14 1 14 14 1 14 17 14 14 1 14 17 14 1 14 1 14 1 14 14 14 

